word,0,1,2,3,4,5,6,7,8,9,10,11,12,13,14,15,16,17,18,19,20,21,22,23,24,25,26,27,28,29,30,31,32,33,34,35,36,37,38,39,40,41,42,43,44,45,46,47,48,49,50,51,52,53,54,55,56,57,58,59,60,61,62,63,64,65,66,67,68,69,70,71,72,73,74,75,76,77,78,79,80,81,82,83,84,85,86,87,88,89,90,91,92,93,94,95,96,97,98,99,100,101,102,103,104,105,106,107,108,109,110,111,112,113,114,115,116,117,118,119,120,121,122,123,124,125,126,127,128,129,130,131,132,133,134,135,136,137,138,139,140,141,142,143,144,145,146,147,148,149,150,151,152,153,154,155,156,157,158,159,160,161,162,163,164,165,166,167,168,169,170,171,172,173,174,175,176,177,178,179,180,181,182,183,184,185,186,187,188,189,190,191,192,193,194,195,196,197,198,199,200,201,202,203,204,205,206,207,208,209,210,211,212,213,214,215,216,217,218,219,220,221,222,223,224,225,226,227,228,229,230,231,232,233,234,235,236,237,238,239,240,241,242,243,244,245,246,247,248,249,250,251,252,253,254,255,256,257,258,259,260,261,262,263,264,265,266,267,268,269,270,271,272,273,274,275,276,277,278,279,280,281,282,283,284,285,286,287,288,289,290,291,292,293,294,295,296,297,298,299
优秀,0.22193588316440582,0.8251067996025085,0.6006982326507568,0.2496720254421234,0.48274579644203186,2.3985328674316406,-0.6959625482559204,-2.0057437419891357,0.21248815953731537,-0.7586222290992737,-2.3817970752716064,-1.1676028966903687,0.0003291751490905881,1.0192923545837402,-0.10733029246330261,-0.901839017868042,0.14477752149105072,0.7952636480331421,-1.5983184576034546,-2.2645013332366943,0.31751593947410583,0.2651415765285492,0.74375981092453,-0.359007328748703,-1.2473325729370117,-0.6574388146400452,1.7056039571762085,0.9951052069664001,0.1727207452058792,0.7656019330024719,-0.03505709394812584,1.2637945413589478,-0.577792763710022,-0.8961162567138672,0.7207712531089783,1.969591498374939,-1.6494289636611938,-0.3781259059906006,0.23207390308380127,-1.5842351913452148,-1.705825924873352,-0.5029000639915466,-2.4948525428771973,1.8427116870880127,1.309278130531311,-0.20537400245666504,-0.18362866342067719,-1.2039958238601685,-0.15308111906051636,-0.3328607380390167,0.6565126180648804,0.7444152235984802,-0.9991596937179565,-1.154154658317566,-0.8206506371498108,-1.7305514812469482,-4.690557956695557,0.8756718039512634,2.457315444946289,-1.0605543851852417,0.19274774193763733,0.08506063371896744,1.0779297351837158,0.8747937083244324,-2.0993802547454834,0.8889666795730591,-0.2574290335178375,1.771485686302185,1.0867375135421753,-2.844357967376709,-0.23542730510234833,-1.4390276670455933,-1.0385545492172241,-0.4219229817390442,-0.3579915761947632,-1.1377344131469727,-0.07959949970245361,1.6539392471313477,0.9570368528366089,-1.2442643642425537,0.7100996971130371,0.07234420627355576,-0.1400524228811264,0.8483299016952515,2.267843246459961,-0.1552952229976654,-1.7390419244766235,-2.0748534202575684,0.04947280138731003,-0.8464780449867249,0.3692467212677002,0.9575033783912659,0.7140911221504211,1.0033056735992432,1.2216874361038208,-0.836969792842865,0.834627091884613,-1.6647745370864868,-0.056243110448122025,-1.179040551185608,0.484602689743042,-2.1565744876861572,-1.1827727556228638,-0.7173408269882202,-0.48192596435546875,0.7100824117660522,-0.029338352382183075,-0.49144110083580017,1.9527822732925415,0.6005321741104126,0.2364342212677002,0.13526715338230133,0.259650856256485,0.08897978067398071,0.8792393207550049,-0.011742191389203072,-0.11801216751337051,0.7038545608520508,-2.2036192417144775,-2.317216396331787,-1.567465901374817,-1.0177125930786133,-0.9907361268997192,-0.7339680790901184,-0.4114987254142761,2.139402151107788,0.5367703437805176,0.9217056632041931,1.7382255792617798,-1.628765344619751,1.008175253868103,1.076204776763916,-1.6262227296829224,-1.1192023754119873,-0.4286528527736664,0.49415484070777893,-1.260055422782898,2.0414462089538574,-0.646088182926178,0.5602035522460938,-0.3083314001560211,-0.21084851026535034,1.6791131496429443,-0.5692663788795471,2.9354848861694336,-1.0058881044387817,-0.5492392182350159,0.6850716471672058,0.25892794132232666,-1.0076310634613037,1.4657803773880005,-0.6219363808631897,0.4181502163410187,-0.24689535796642303,-1.3984042406082153,-2.343393325805664,0.023875150829553604,0.8314756155014038,0.6943771243095398,-0.43384993076324463,-2.137089967727661,-0.3860849142074585,1.1620573997497559,-0.2319173514842987,1.8427132368087769,0.9613499641418457,-2.194643020629883,-1.72184157371521,1.626064658164978,0.22064371407032013,1.7248272895812988,0.358446329832077,0.3638109266757965,1.051507830619812,2.593153715133667,-0.27279627323150635,0.7098502516746521,-3.6378793716430664,1.6647204160690308,-0.7004358172416687,0.13415789604187012,0.7452457547187805,0.735018253326416,-1.3193799257278442,0.27501940727233887,2.4725143909454346,-1.6348493099212646,-0.19597473740577698,0.09409680217504501,-1.6252819299697876,-0.041251879185438156,1.2919200658798218,-0.5679465532302856,1.9967600107192993,0.09307152032852173,0.7230702042579651,1.2205466032028198,1.5039132833480835,-0.33999261260032654,2.31339693069458,-1.0613958835601807,-0.8274797797203064,4.3293280601501465,-3.252267360687256,0.6036653518676758,0.24817520380020142,-1.1633758544921875,-1.165247917175293,-0.023828139528632164,-1.682262897491455,0.02628258243203163,-0.918588399887085,0.38023003935813904,1.3947677612304688,0.5309637784957886,-2.8700919151306152,-0.06428784132003784,2.329183340072632,0.9750568270683289,-0.04287337139248848,-1.2531025409698486,-1.093108057975769,-0.3421771228313446,-0.17895181477069855,0.9339454770088196,1.6741021871566772,-0.6031625270843506,1.3750216960906982,0.9488055109977722,0.71751868724823,-0.1348937451839447,-0.7619500160217285,3.413986921310425,0.7291273474693298,-0.5644435882568359,0.24223420023918152,0.6112338900566101,-0.6892537474632263,0.9797719717025757,-0.9084153175354004,-0.8394680619239807,-0.9710633754730225,-1.5909631252288818,0.8202298283576965,1.010975956916809,-2.272613048553467,-2.105496406555176,0.3331829309463501,0.988401472568512,0.2967217266559601,0.5422006249427795,1.562079906463623,0.20501400530338287,-0.6787300109863281,0.2853013277053833,0.44278159737586975,-1.6087700128555298,0.5544422268867493,-1.7085449695587158,-0.8976237773895264,-1.461254358291626,-1.517195463180542,-1.3022708892822266,-1.6255805492401123,1.3456259965896606,-0.7597216367721558,-0.2963971793651581,3.2249112129211426,1.0348715782165527,0.398942232131958,-2.316253662109375,-0.8416586518287659,1.1578667163848877,0.12223504483699799,0.6288178563117981,-0.18273209035396576,0.41507968306541443,0.43247488141059875,1.1159895658493042,-0.8934399485588074,1.0331324338912964,-0.2142271250486374,-0.7167933583259583,0.03333576023578644,0.7674767374992371,-0.9446513056755066,1.048346996307373,-1.4543790817260742,2.51841402053833,-2.5708534717559814,-1.7691560983657837,-0.17028675973415375,-0.16827981173992157,0.8903352618217468,-1.2417256832122803,-0.03573504835367203,0.9942654371261597,-0.33442530035972595,-1.2393945455551147,1.8009045124053955
工作,-1.0286129713058472,0.9537466168403625,-0.40226301550865173,-0.6517700552940369,0.8066074848175049,-0.45336437225341797,-1.5509064197540283,2.935124635696411,-0.7972673773765564,-0.44351789355278015,-1.9114435911178589,-0.33439311385154724,-0.7016314268112183,0.6803446412086487,-1.942351222038269,-0.4238719642162323,2.5917794704437256,-0.8158625364303589,-1.204628586769104,-2.2453508377075195,0.3353583812713623,0.1496255248785019,-0.45239993929862976,0.8561369180679321,-0.11426239460706711,-2.6673622131347656,0.8161652088165283,-0.6439068913459778,-2.1524620056152344,0.5562478303909302,-1.0675588846206665,-0.5247731804847717,-0.6342266201972961,-0.13946941494941711,0.23722529411315918,0.018969306722283363,-0.3420296609401703,-2.2138593196868896,-0.2259061634540558,-0.8448936343193054,-2.168322801589966,-0.47608816623687744,-0.9043071866035461,-0.34068840742111206,-1.8443098068237305,-0.8696357607841492,1.95469069480896,-0.7939244508743286,-0.26607996225357056,-1.4171421527862549,-1.2219853401184082,0.6898921728134155,-0.988286018371582,1.3606444597244263,0.03590356186032295,2.641573905944824,-0.5816301107406616,0.7126039862632751,0.9404407739639282,2.262472629547119,1.8548120260238647,1.178045630455017,-0.07992015033960342,-0.10163770616054535,-0.5502839684486389,1.5290236473083496,0.9326796531677246,3.519899606704712,-1.4427330493927002,-0.5542013645172119,-1.014263391494751,2.1315431594848633,-0.032166965305805206,-0.4301173686981201,0.8374599814414978,-2.3852665424346924,-0.5016736388206482,0.6012058854103088,0.8962603807449341,-1.620662808418274,0.4043431580066681,0.22156941890716553,1.0323374271392822,-1.6792587041854858,-0.5470086932182312,0.00922971498221159,1.8188152313232422,-1.360450267791748,0.3984283208847046,-0.5856159925460815,-0.7780413627624512,0.8413466811180115,0.4362656772136688,0.06004546955227852,0.992055356502533,0.37978315353393555,1.3859360218048096,-0.4276313781738281,-2.6237590312957764,-0.970032274723053,2.142439842224121,-0.6417921185493469,-0.3049456477165222,-0.46330583095550537,-0.9962930679321289,2.0778541564941406,1.1728191375732422,2.0045220851898193,0.7569276094436646,0.38869768381118774,-0.11547337472438812,1.0035592317581177,0.17944107949733734,-0.2997579276561737,-0.5133411884307861,-2.122742176055908,0.7224861979484558,-1.883158802986145,-2.316493034362793,0.5423538684844971,3.1387884616851807,0.04470023140311241,1.4227665662765503,2.5076284408569336,-1.1087777614593506,0.5312426090240479,1.632542610168457,1.1250317096710205,0.04901696741580963,-0.7138383984565735,-0.08294883370399475,1.0892267227172852,-0.42562827467918396,-2.394299030303955,0.6701633930206299,0.5580630302429199,-2.0437874794006348,-0.45113882422447205,0.24783922731876373,0.8406742811203003,-1.9174243211746216,1.3359174728393555,0.31245455145835876,0.15422262251377106,0.6966202259063721,-0.7852870225906372,-1.1977283954620361,0.573090672492981,0.12725840508937836,-2.0753705501556396,1.3067383766174316,0.4186669588088989,0.3039657473564148,0.025575021281838417,-1.0085541009902954,-1.9250898361206055,1.5262125730514526,2.1334235668182373,0.630637526512146,-3.4311797618865967,0.4001908302307129,0.7281802296638489,1.5924971103668213,1.1323825120925903,0.3405120074748993,-0.6005512475967407,1.0706998109817505,-0.5744792222976685,1.4512492418289185,1.0774736404418945,-0.6538076996803284,-1.1455403566360474,-0.07774189114570618,0.5175819396972656,-0.36607250571250916,2.402357339859009,-2.0350046157836914,-0.794890284538269,-0.5086873173713684,-0.2772808372974396,1.3728013038635254,-3.579425573348999,-0.4490734934806824,-0.16212736070156097,-1.709823489189148,-0.6301270723342896,-2.660226821899414,1.6535407304763794,-0.032233212143182755,0.2145402729511261,-0.8322397470474243,0.03452084958553314,1.8733712434768677,1.8876811265945435,1.9232791662216187,-2.7027640342712402,1.5180468559265137,-1.411068320274353,-1.1584025621414185,0.3032509684562683,-0.3242720067501068,0.8294084668159485,2.0610804557800293,0.9752696752548218,-0.21159254014492035,-1.1295666694641113,1.192816972732544,1.2676551342010498,1.5381782054901123,-0.7625210881233215,0.697503924369812,0.48108649253845215,-0.20389015972614288,-0.3019651174545288,0.5366183519363403,0.41144517064094543,0.27268126606941223,1.6763525009155273,-0.9591062068939209,0.6853187084197998,-0.7764866948127747,2.2489399909973145,0.544909656047821,1.3457294702529907,2.0337514877319336,-0.5947322845458984,1.0026321411132812,-0.9493106603622437,0.7760559320449829,0.9713332653045654,1.544415831565857,-0.20689742267131805,1.2406061887741089,1.1569620370864868,1.0364278554916382,1.100822925567627,0.16672828793525696,0.9223072528839111,1.8176535367965698,0.12162970751523972,1.8854877948760986,2.124805450439453,0.817771852016449,0.722629189491272,-1.5761586427688599,-1.1473397016525269,1.47990882396698,-0.8921723365783691,0.16510990262031555,0.31289082765579224,-0.5959188342094421,-2.6716179847717285,-0.6093068718910217,-0.5240272283554077,0.3543216586112976,0.5699982643127441,-0.6530617475509644,0.8671926259994507,2.021099328994751,-2.4881699085235596,-0.9198673367500305,-3.058910369873047,0.06355326622724533,-0.9252237677574158,1.8829431533813477,-0.2665904462337494,-1.2493535280227661,0.674152672290802,-1.4059488773345947,-0.27134278416633606,1.3650261163711548,-1.7999948263168335,3.10735821723938,1.1957364082336426,-0.9965817928314209,-0.13668450713157654,2.6882481575012207,0.8762162327766418,1.2290043830871582,0.006638414692133665,3.675626039505005,0.5652063488960266,-0.26853978633880615,-0.17599092423915863,-0.0027681831270456314,0.7845617532730103,-0.007419283967465162,0.9321858882904053,-2.072056531906128,-3.193284034729004,1.109143614768982,0.20849907398223877,1.7451236248016357,1.2076629400253296,1.653257966041565,0.3708454966545105,2.936328172683716,2.9194912910461426,0.7958875298500061,0.23036997020244598
思考,1.9431383609771729,-1.973085641860962,2.104853630065918,0.664988100528717,-1.0313003063201904,2.3421950340270996,-0.6575004458427429,0.8766103982925415,2.2822296619415283,-1.0769786834716797,-1.4698981046676636,0.22523362934589386,-0.0006176523165777326,0.7046998739242554,-0.2716706395149231,0.883367121219635,0.8478403091430664,-0.011177527718245983,-2.113232374191284,-0.9248311519622803,-0.023610437288880348,0.3194844126701355,-0.518258273601532,-1.6882829666137695,0.46301591396331787,-0.5327234268188477,-0.719966471195221,-0.3152822256088257,-1.3740928173065186,0.4517693817615509,-0.5997318029403687,0.26659315824508667,-1.7458245754241943,1.4707528352737427,-1.119354248046875,-1.2341227531433105,-0.623393177986145,-1.08857262134552,0.9157688021659851,-0.4440552890300751,-1.1789182424545288,1.1664129495620728,-0.510056734085083,-1.6331182718276978,-0.222340926527977,1.0710926055908203,1.7756150960922241,-0.1153971403837204,-0.6235862374305725,-0.9712418913841248,0.09778042137622833,-1.5874431133270264,-0.616073489189148,0.48961517214775085,1.2440831661224365,-2.8828513622283936,-0.21827270090579987,-0.20908395946025848,-0.31860819458961487,0.9556063413619995,1.994145393371582,1.7887535095214844,-0.8616477847099304,0.5869174599647522,-1.6482259035110474,1.271081566810608,-0.34530115127563477,2.4402475357055664,-1.1987487077713013,0.5093854665756226,0.42655110359191895,1.3575375080108643,-1.16250741481781,-0.11895370483398438,-0.43118783831596375,1.8516476154327393,1.3105053901672363,0.23295919597148895,0.8585984706878662,-0.6983523964881897,-0.5587961673736572,-0.2850140929222107,-2.3685288429260254,0.62721186876297,-1.9999935626983643,0.363188236951828,1.0906239748001099,0.8416515588760376,-0.6960306167602539,0.6028315424919128,1.8225327730178833,2.670022487640381,1.3603445291519165,-1.345677375793457,-1.0835845470428467,-1.0355792045593262,-1.0082762241363525,-0.9858712553977966,-0.44551533460617065,-0.2742488980293274,0.9737452864646912,-1.390238881111145,1.0541788339614868,-0.5771097540855408,-1.3134708404541016,-0.33780667185783386,-0.18393519520759583,1.5587574243545532,0.012238078750669956,1.522247552871704,0.6154608726501465,-1.003637433052063,-1.1019965410232544,-0.43965181708335876,1.3077497482299805,0.605514645576477,-0.9718526005744934,-0.6325674653053284,-0.40017661452293396,-0.2920806407928467,2.910137414932251,-2.6502466201782227,1.2862563133239746,0.5005553364753723,0.8076742887496948,-0.7773752808570862,1.0011277198791504,1.3981513977050781,1.5088154077529907,0.7401043772697449,1.0160741806030273,0.05333532765507698,-0.10537028312683105,2.9415981769561768,-2.2725207805633545,-0.984978437423706,-0.2929866909980774,0.9871553182601929,0.7789747714996338,-1.3305282592773438,0.3103654682636261,1.835471272468567,2.173903703689575,-0.3532787263393402,0.8950067758560181,0.8103054761886597,-1.6987453699111938,-1.7803144454956055,-0.5100452303886414,0.04940810799598694,0.2513286769390106,-1.2595446109771729,-0.98499596118927,-0.3879537880420685,1.2266077995300293,-0.008843682706356049,-0.5774983167648315,1.6463991403579712,0.17159385979175568,-2.3268368244171143,-0.05480707809329033,-0.9202970266342163,1.678868055343628,0.11102227121591568,-0.2580054700374603,-1.9513680934906006,-0.04544280469417572,-0.3952926993370056,1.6818487644195557,0.2758820950984955,-0.9012932181358337,-0.5367437601089478,-0.1414252072572708,1.0262442827224731,1.9627132415771484,0.7679802775382996,-0.4657441973686218,-0.761826753616333,-1.032621145248413,-0.2545180022716522,-0.6323714256286621,-2.0376086235046387,0.45235541462898254,-1.8047730922698975,0.682320773601532,-0.23195119202136993,0.26435044407844543,0.07473218441009521,-0.41647613048553467,-0.3112984001636505,-0.15495754778385162,0.4834139347076416,-0.6505733728408813,0.493805855512619,-0.23336079716682434,-0.16849341988563538,0.7598206400871277,-0.18932005763053894,-1.1769275665283203,-0.2284536510705948,-1.2462247610092163,0.8006465435028076,-0.15291255712509155,-0.7353060841560364,-0.6388634443283081,1.1196613311767578,-1.2918896675109863,0.2386002391576767,-0.2176787406206131,-0.5510517358779907,-0.09599945694208145,0.536736786365509,-2.2933223247528076,2.0439255237579346,0.5841270089149475,-0.4639735221862793,1.319517731666565,0.7863202691078186,-1.5624085664749146,0.19903750717639923,0.473774254322052,1.2235480546951294,0.1299615502357483,1.2992874383926392,-0.4802834987640381,-1.3177083730697632,-1.412205457687378,1.346372127532959,0.545988917350769,0.8715248703956604,1.1326767206192017,-0.24607399106025696,1.1858164072036743,-0.9393308758735657,0.28459590673446655,-1.6358596086502075,2.062147617340088,-0.11921264231204987,-0.7856239676475525,2.565490245819092,1.240126371383667,1.0345436334609985,0.2712242305278778,-0.13726800680160522,-0.028532367199659348,-1.7471699714660645,0.13693715631961823,-1.2388664484024048,-0.972076952457428,2.6588852405548096,0.10459277033805847,-0.4323529005050659,0.0202981848269701,-1.0450395345687866,0.3662605881690979,-0.4190943241119385,-2.2186293601989746,0.12255857139825821,1.2763688564300537,-0.8529325127601624,-0.7189176082611084,-1.0808743238449097,-0.051582422107458115,1.0237596035003662,1.186739206314087,-1.6714378595352173,-0.9072505235671997,-0.890853762626648,-1.8091918230056763,0.5353007316589355,-1.566765308380127,-1.5000649690628052,0.622616708278656,0.7798384428024292,-0.6502388715744019,0.12126383185386658,-0.7861849665641785,1.5835858583450317,0.6618738770484924,1.0965192317962646,1.789417028427124,3.5354390144348145,-1.9233894348144531,0.7489466667175293,-1.727052927017212,0.9758144021034241,1.9563558101654053,1.1767573356628418,-0.43645361065864563,-1.7385311126708984,-1.4013937711715698,-1.4727115631103516,0.44603562355041504,-0.9877747893333435,1.3270132541656494,1.2870967388153076,-0.03402800112962723,-0.055458880960941315,-1.745951533317566,0.652496337890625
总结经验,0.2480851411819458,-0.3571820557117462,0.48581305146217346,0.20674647390842438,-0.19853582978248596,0.22351838648319244,-0.3363169729709625,0.06326472759246826,0.015873657539486885,-0.18210457265377045,-0.4609445035457611,0.017117565497756004,0.08803758025169373,0.18810749053955078,-0.3802954852581024,-0.34968623518943787,0.26228976249694824,0.13452070951461792,0.04394945502281189,-0.17674224078655243,-0.09879367798566818,0.02004398964345455,0.128801167011261,0.14825217425823212,-0.11916499584913254,-0.18756836652755737,-0.21380524337291718,-0.12898719310760498,-0.06536494940519333,0.018885169178247452,0.07376319169998169,-0.08607098460197449,-0.22375984489917755,0.08723240345716476,-0.03453034162521362,-0.2567448019981384,-0.18143649399280548,0.037554435431957245,0.09653784334659576,-0.049194492399692535,0.04125316068530083,0.11783481389284134,0.26181796193122864,-0.2165476530790329,-0.2364489883184433,0.19343601167201996,0.06972178816795349,0.05553726479411125,-0.2225944697856903,-0.2187318503856659,-0.10883088409900665,0.21893511712551117,0.13721059262752533,0.12440519779920578,-0.11956165730953217,-0.041700806468725204,0.23939529061317444,0.1686398983001709,-0.15718621015548706,-0.09678232669830322,0.12891748547554016,0.04285290837287903,0.1442333459854126,0.13797728717327118,-0.006503846496343613,-0.08131814002990723,-0.12170370668172836,-0.16557537019252777,0.07999412715435028,0.19059541821479797,0.18058834969997406,-0.23174543678760529,0.04888031631708145,0.004131970461457968,0.04287973791360855,-0.2213383913040161,-0.04836764559149742,0.004063693806529045,-0.3618617355823517,-0.10663747787475586,0.23075580596923828,0.3926223814487457,-0.12150223553180695,-0.13607695698738098,-0.148757666349411,0.2520025372505188,0.1595250368118286,-0.0016443950589746237,0.14804618060588837,-0.07680290192365646,-0.031455766409635544,0.12319380044937134,-0.0728357657790184,-0.008505379781126976,-0.13901086151599884,-0.15547522902488708,-0.15621662139892578,0.12486713379621506,-0.20115965604782104,-0.25133252143859863,-0.05832137539982796,0.07185017317533493,-0.29740631580352783,0.5856471061706543,0.15385809540748596,-0.046136438846588135,0.010493840090930462,0.27991870045661926,0.08294329792261124,0.02413732372224331,-0.13057442009449005,0.11821168661117554,-0.030220523476600647,-0.14029888808727264,0.009016888216137886,0.09825421869754791,-0.2649817168712616,-0.4562188982963562,0.10012003779411316,-0.2348073124885559,0.219943568110466,-0.20741097629070282,0.1736433357000351,0.036054182797670364,-0.1259329468011856,0.0038414050359278917,0.1340501755475998,0.009802736341953278,0.010717108845710754,-0.23465456068515778,0.08626259863376617,0.038752276450395584,-0.1421281397342682,0.13237372040748596,-0.022871792316436768,0.018392004072666168,0.06353188306093216,-0.15389414131641388,-0.015457317233085632,0.04964398965239525,-0.060244832187891006,0.14501333236694336,0.15620461106300354,0.027581045404076576,-0.12509025633335114,0.1526888757944107,-0.04459645226597786,0.06640047580003738,0.017304467037320137,-0.09001724421977997,-0.05792960524559021,-0.1343284398317337,0.021793192252516747,-0.1711745262145996,-0.030409347265958786,0.005800455808639526,0.20866982638835907,-0.021739330142736435,-0.07405118644237518,-0.3040442168712616,-0.05731325224041939,-0.10015148669481277,0.18037614226341248,-0.18148642778396606,0.1012374758720398,-0.10920069366693497,0.1397288590669632,0.13419963419437408,0.2812080979347229,-0.08700324594974518,0.0780295878648758,-0.07160881906747818,-0.09463288635015488,-0.005073175299912691,-0.14674809575080872,0.23715953528881073,-0.15917541086673737,-0.03282841295003891,0.1015172153711319,-0.045650459825992584,-0.29928305745124817,-0.12152265757322311,-0.20627884566783905,-0.16870638728141785,0.025477638468146324,0.11924228817224503,-0.17464396357536316,0.3867477774620056,-0.025568291544914246,-0.04918840155005455,-0.19431884586811066,-0.19539685547351837,0.1951858103275299,0.1585494428873062,-0.01918851025402546,-0.04740924760699272,-0.17071576416492462,-0.19280853867530823,-0.3335573673248291,-0.046620454639196396,-0.18092618882656097,0.02903478406369686,0.193818137049675,0.020205052569508553,0.11694621294736862,0.07054165005683899,-0.008766683749854565,-0.10457810759544373,0.274226576089859,0.14410871267318726,0.3200843036174774,0.010293307714164257,-0.013832630589604378,0.3058055341243744,0.10326255112886429,0.019799524918198586,0.07872214168310165,0.1900555044412613,0.20637686550617218,-0.025955060496926308,0.09306637942790985,0.10436975210905075,-0.02064584754407406,0.22840896248817444,0.1860155463218689,-0.14212296903133392,-0.08241453021764755,-0.1020318865776062,-0.18690921366214752,0.12119214981794357,-0.2735055387020111,-0.09851094335317612,0.14473316073417664,-0.18640980124473572,-0.03861411288380623,-0.07953204959630966,0.015883831307291985,-0.0844351053237915,0.20249854028224945,0.14744189381599426,0.08142796158790588,0.21265888214111328,-0.21169184148311615,-0.3065289556980133,-0.05806869640946388,-0.11775700002908707,0.07940524816513062,0.08772484958171844,-0.06593922525644302,-0.01605294644832611,-0.006701578386127949,0.05760873481631279,-0.018997328355908394,-0.29972726106643677,0.12854152917861938,0.04815264791250229,-0.05742409825325012,-0.07116357982158661,-0.20906497538089752,0.043080635368824005,0.049811311066150665,-0.2800367474555969,-0.1504770815372467,0.19220755994319916,0.08198370784521103,-0.2214469313621521,0.051348697394132614,-0.2210506796836853,-0.3080905079841614,-0.24570931494235992,-0.44009649753570557,-0.2026914656162262,0.3446406424045563,-0.022083505988121033,-0.04801150783896446,-0.15945400297641754,0.22889484465122223,-0.06018219143152237,-0.07858002185821533,-0.08676481992006302,-0.015205861069262028,0.034382279962301254,-0.01772497408092022,0.15734538435935974,-0.17242015898227692,-0.01028119120746851,0.03742770850658417,0.035188835114240646,-0.1212657019495964,-0.23428300023078918,0.16963830590248108,0.08708322793245316,0.15987245738506317,-0.025011010468006134,-0.18015740811824799,-0.007955535314977169,0.03527900576591492,0.07178517431020737,0.10069090127944946,-0.0014269077219069004
基础,-0.33209028840065,1.5509446859359741,1.234106183052063,1.5376458168029785,-0.58658367395401,1.3935390710830688,-0.8713892698287964,1.7716174125671387,-0.6063055992126465,-0.48127856850624084,0.32137832045555115,0.06108350306749344,-0.9746106863021851,0.4084978401660919,-2.0911624431610107,0.40682992339134216,0.2682923674583435,1.4671697616577148,-2.039461135864258,-1.5188416242599487,0.7960435152053833,-1.1833140850067139,-1.576737880706787,-1.3537126779556274,-1.2752450704574585,-0.1375855803489685,0.6664891839027405,-0.1540622115135193,-1.2173733711242676,2.543527603149414,-0.7678458094596863,1.359752893447876,-0.6122352480888367,-0.559757649898529,0.6493515372276306,2.155970811843872,-0.1983991414308548,-2.1904985904693604,0.17294681072235107,0.3194772005081177,-0.23547828197479248,-1.9392259120941162,-1.7017977237701416,-2.1961307525634766,0.5853583216667175,1.8423211574554443,2.750765562057495,0.611692488193512,-2.031066417694092,-2.645378828048706,-2.100534677505493,1.1365926265716553,2.8296780586242676,-1.8730577230453491,0.37140893936157227,-0.6159383654594421,-0.16075006127357483,0.7334187626838684,0.8592149019241333,1.0101617574691772,-2.778639554977417,-0.036489203572273254,-1.0255488157272339,0.6993955373764038,-3.4809844493865967,0.6477553844451904,0.7017912268638611,3.2063729763031006,-1.1848019361495972,-1.0393807888031006,-0.12475208938121796,-0.6511725187301636,-0.046461910009384155,-1.0416055917739868,1.6847320795059204,-0.3166428804397583,0.13868434727191925,0.4439898133277893,-1.0349013805389404,0.4486599564552307,0.7468836307525635,0.30950769782066345,-1.1291323900222778,-1.169796109199524,-2.2833971977233887,2.4442763328552246,-0.4707554280757904,0.07682891190052032,2.5087811946868896,0.018052522093057632,-1.254420518875122,0.17243964970111847,0.7636905908584595,1.3286784887313843,-2.7767159938812256,-0.26895827054977417,-0.045144617557525635,0.8824078440666199,0.10867351293563843,-0.4217891991138458,0.2283797413110733,-1.9340746402740479,-1.138205647468567,-1.8188745975494385,-0.34114596247673035,1.149696946144104,0.5711618065834045,1.8038792610168457,-1.4196714162826538,-0.02764260023832321,0.9901769757270813,-0.5847682356834412,-0.33568400144577026,1.3393915891647339,-2.3631083965301514,0.051132090389728546,0.2375643253326416,-0.37836793065071106,-1.4240437746047974,0.6861912608146667,0.01621379889547825,-2.203061580657959,-0.42177483439445496,-0.4491405487060547,-0.661616325378418,-0.1662774235010147,-0.04334977641701698,1.4717313051223755,0.46986857056617737,-2.0269174575805664,-0.7101239562034607,-1.79136061668396,-0.7628446221351624,1.4789330959320068,-2.110992193222046,-2.2763099670410156,0.4577850103378296,0.06807024776935577,1.5873950719833374,-1.5114665031433105,0.45776692032814026,0.5834589004516602,1.0010018348693848,-0.11264611035585403,-0.3948824405670166,-0.48609837889671326,-1.0672376155853271,1.4609951972961426,-0.29463088512420654,0.12913496792316437,-0.17079181969165802,-0.022610124200582504,0.4939478635787964,2.57893443107605,0.21982097625732422,-3.430485486984253,0.6454939246177673,1.3448972702026367,0.8650330305099487,0.8772357106208801,-0.4008015990257263,-1.3720932006835938,-0.10982363671064377,-1.8686007261276245,0.6420905590057373,-0.2366393506526947,3.109438896179199,-1.354425311088562,0.32091087102890015,0.8857443928718567,0.005996680818498135,-1.060937762260437,1.9199219942092896,1.9364895820617676,1.857975959777832,0.34934693574905396,-1.3322999477386475,0.4320242404937744,0.5146238207817078,0.3422187566757202,-0.35343942046165466,0.9398805499076843,0.21219389140605927,-0.17416386306285858,-1.8911290168762207,0.031926706433296204,-2.186638116836548,-1.1378167867660522,-0.24750317633152008,-2.1672563552856445,-0.83302241563797,-0.9221656322479248,0.32665494084358215,2.430344581604004,0.8867200016975403,-0.5935247540473938,1.2157411575317383,0.6432473659515381,-1.7778141498565674,0.4153771996498108,-0.5780587792396545,0.28337448835372925,-0.5734785199165344,0.99343341588974,-0.8024285435676575,-0.6662328839302063,-0.4302600920200348,1.7127221822738647,1.190792441368103,-0.9704864025115967,-0.21422028541564941,0.5434889793395996,-0.7842830419540405,0.2947866916656494,-0.6624013781547546,-1.31743323802948,0.15629133582115173,0.7559077143669128,0.760056734085083,0.2819282114505768,1.825446367263794,-0.8994033932685852,0.7046366333961487,-1.2899175882339478,-0.2223760336637497,-0.08127918094396591,-0.4660571813583374,-0.983673632144928,1.0409834384918213,-0.5537840127944946,-0.5307377576828003,-0.9790535569190979,0.9736589193344116,0.13037851452827454,0.24552655220031738,-1.1192402839660645,2.002032518386841,0.47727325558662415,0.06479689478874207,-0.5563697814941406,1.8539183139801025,-0.975111186504364,-1.3565771579742432,-0.750958263874054,-2.843238353729248,0.15822568535804749,0.9449226260185242,0.5917065143585205,-0.6428938508033752,-0.055296409875154495,-2.178412675857544,-0.054848965257406235,0.6884557604789734,-0.8771620988845825,0.4596880376338959,1.142132043838501,-3.3223214149475098,-0.6906741261482239,-0.5484620928764343,-1.2766226530075073,-0.25028565526008606,-2.780832290649414,-0.0582628957927227,-0.30220162868499756,0.8746623396873474,0.8043202757835388,1.1136829853057861,-0.9995790719985962,-0.9867002964019775,-1.4480931758880615,0.5051171779632568,0.04957769438624382,3.041961908340454,1.4883567094802856,-2.6056535243988037,1.672721266746521,0.8501360416412354,2.8343169689178467,-0.5839099884033203,1.009680151939392,0.38338586688041687,-0.9656908512115479,-0.5941547155380249,1.1445943117141724,1.7614901065826416,0.08497046679258347,-0.6387660503387451,-0.3723459243774414,-0.6543108224868774,-1.3343513011932373,-1.4178591966629028,-1.3265445232391357,0.08982978016138077,-1.6117199659347534,0.37140482664108276,0.6840621829032898,0.02823135256767273,0.7902807593345642,0.5805062651634216,-1.04483962059021
家长,0.6912917494773865,-1.752394437789917,2.0642647743225098,-1.1365933418273926,1.0654106140136719,1.0236976146697998,-1.751525640487671,2.7519733905792236,0.15499331057071686,0.23755794763565063,-2.0774900913238525,-0.7352680563926697,0.06015581265091896,0.3014541566371918,0.47853726148605347,0.34399884939193726,0.959054172039032,-1.4273076057434082,-3.2410285472869873,-0.4759809970855713,-1.3062121868133545,-0.8501829504966736,0.2519517242908478,-0.09508591145277023,-0.5942547917366028,1.119263768196106,1.897223711013794,0.8379346132278442,-0.6694213151931763,-0.6489009261131287,-0.2317143678665161,-0.5323978662490845,-0.28678393363952637,-2.4426348209381104,-1.4139842987060547,0.9703152775764465,-2.1493005752563477,-1.086079716682434,0.5278844237327576,0.24084149301052094,0.23370994627475739,0.3372960686683655,-1.5445176362991333,1.4612866640090942,-0.6596193909645081,-1.5703915357589722,-3.1148810386657715,1.127042293548584,0.36815953254699707,1.034776210784912,0.4823756217956543,0.44255003333091736,0.23798900842666626,-0.8057865500450134,1.5723458528518677,1.0447518825531006,-1.0159462690353394,0.5163066983222961,0.20951682329177856,-1.006037950515747,-0.09972600638866425,0.6037131547927856,-0.8406403064727783,-1.6583079099655151,0.39830777049064636,2.1189565658569336,-0.6063470244407654,-0.06319660693407059,-0.6364034414291382,-2.0062851905822754,1.5866751670837402,1.2584381103515625,0.9285982251167297,-2.6029200553894043,-0.4881315529346466,0.8591803312301636,1.0408867597579956,-0.5134279131889343,-0.8638748526573181,-1.958534598350525,-1.7927091121673584,-2.2813851833343506,-0.7839199304580688,0.43152105808258057,-1.6502501964569092,-3.6054694652557373,0.9585428833961487,-1.342442512512207,1.2925519943237305,0.5055271983146667,0.41918042302131653,0.6343639492988586,0.12674199044704437,1.03843092918396,-2.229879140853882,-0.9235884547233582,2.0161428451538086,2.608829975128174,-1.9855766296386719,-0.9082573652267456,0.407096803188324,1.1436489820480347,0.5184642672538757,1.2976969480514526,0.28993844985961914,0.11617227643728256,0.9000723361968994,0.2958802878856659,-0.2790702283382416,-0.6393967866897583,0.688004195690155,0.04353718087077141,0.6036764979362488,-1.2663981914520264,0.8210354447364807,-1.4694396257400513,1.8245933055877686,-0.8293355703353882,1.2526887655258179,-1.2937029600143433,2.179272174835205,1.4109259843826294,1.3464641571044922,-0.7636658549308777,-0.9689639210700989,-0.04657808318734169,0.23595057427883148,2.992846727371216,0.11340498924255371,0.33894163370132446,-0.8853747844696045,-1.5053191184997559,-0.2788260281085968,0.19289109110832214,-3.423809766769409,1.2247462272644043,-0.3883049488067627,0.9467354416847229,-1.418721318244934,-0.0637621209025383,-0.18624168634414673,-2.445786952972412,0.00931190513074398,-0.5000878572463989,2.395280361175537,0.9404828548431396,-1.5049989223480225,0.1954198032617569,0.49114692211151123,-0.609474778175354,0.9840997457504272,-0.2196674644947052,0.5926218628883362,1.5219188928604126,-0.6479893922805786,-0.9272924065589905,-0.863412618637085,1.6025689840316772,-1.5067598819732666,1.3137158155441284,-1.5290595293045044,-0.09848818928003311,1.3134536743164062,0.11468743532896042,-0.07587781548500061,-1.018280029296875,-1.3081942796707153,1.989109992980957,0.41128891706466675,1.3758938312530518,-1.698460578918457,0.2435855120420456,2.0212581157684326,-0.8484060764312744,2.2045655250549316,0.4337543547153473,-1.007846474647522,-1.833408236503601,1.7749136686325073,-0.5490578413009644,0.1670689433813095,-0.18450021743774414,-0.08086308091878891,-0.9135310649871826,-0.5934264659881592,-1.0312317609786987,-1.4728429317474365,0.10623612999916077,0.19736318290233612,2.8549513816833496,-0.2323610484600067,-0.12849780917167664,0.3337266147136688,-0.35121041536331177,-0.47771933674812317,0.13577459752559662,0.6617349982261658,-0.46643996238708496,-0.6794878244400024,-1.0530518293380737,1.7289927005767822,0.8017606735229492,0.3389929234981537,-2.029482364654541,0.7952788472175598,0.6030076146125793,1.9170094728469849,0.0451989583671093,-0.7075843811035156,1.4576976299285889,1.636364459991455,0.4535975754261017,-1.5265226364135742,2.3841607570648193,-0.6126545071601868,-0.24260297417640686,0.2499745488166809,2.3435449600219727,-2.039856195449829,1.6860346794128418,0.19165806472301483,-0.984154462814331,0.7757333517074585,-2.2613794803619385,2.1437339782714844,-1.1216661930084229,2.8336493968963623,-0.45585814118385315,0.9629161953926086,3.5622479915618896,-0.4789097309112549,-1.690356969833374,0.8716956973075867,-0.5864879488945007,-1.1462167501449585,-0.004868580028414726,0.3333479166030884,0.9523069858551025,2.086907148361206,-0.14529182016849518,0.4162002503871918,1.834583044052124,0.018027622252702713,0.547078549861908,1.787202000617981,-1.298811435699463,-1.4093199968338013,2.387418508529663,-0.919242262840271,-0.8568507432937622,-1.0453298091888428,-0.5583151578903198,0.37484416365623474,2.0143609046936035,0.043651219457387924,0.7207183241844177,-0.03449695557355881,1.4630237817764282,1.7032840251922607,-0.25147420167922974,1.2705085277557373,0.434995174407959,-1.2931957244873047,-0.3888891935348511,-1.2000987529754639,-1.749352216720581,-0.11382200568914413,-1.9504499435424805,-1.1620765924453735,1.682445764541626,-0.8660092353820801,1.0002634525299072,-3.0497303009033203,2.155078887939453,0.919252336025238,-0.9109843969345093,1.1564702987670898,1.3975579738616943,-1.07607901096344,0.49324512481689453,1.629159927368164,1.045815110206604,-0.8203321695327759,1.1150590181350708,0.35048553347587585,1.628204345703125,-0.1561453491449356,1.6768361330032349,0.6074249148368835,0.4340609312057495,-1.107486367225647,0.596238911151886,-1.3439748287200928,0.8747929334640503,2.0717034339904785,0.1321680247783661,0.6939722299575806,-0.14851637184619904,-1.037904977798462,0.4740205705165863
学生,2.4274003505706787,0.6676017642021179,-0.3195067048072815,-1.5146596431732178,0.1727207750082016,1.452633261680603,-0.35073041915893555,1.008644461631775,0.4949832856655121,-0.45167276263237,-2.1444039344787598,-0.3783314526081085,-1.0853773355484009,2.07775616645813,0.0663750022649765,0.747175395488739,1.621368408203125,-2.252326488494873,-1.6297706365585327,-1.0349071025848389,-1.1834450960159302,-1.431551218032837,0.8203704953193665,-0.759503960609436,0.02453678846359253,0.3526619076728821,0.5756027698516846,0.6613054871559143,-0.07520250976085663,-0.32644376158714294,0.2907957434654236,-0.30388325452804565,0.27436545491218567,-0.359199583530426,-1.6898772716522217,0.6419627070426941,-2.4325668811798096,0.2887516915798187,2.1714417934417725,0.37906402349472046,-0.06127474829554558,0.21229419112205505,-3.430680751800537,0.33024197816848755,-0.14084962010383606,-0.8149098753929138,-0.8671942353248596,-0.8729926347732544,-0.03621916100382805,0.48681217432022095,0.09763206541538239,1.2205392122268677,-1.3339409828186035,0.7441984415054321,1.9624731540679932,-0.03607267886400223,-2.8759710788726807,1.9408135414123535,0.7206252217292786,-0.08380004018545151,0.40922555327415466,-0.15805502235889435,1.662166714668274,-0.3993189334869385,-2.2350826263427734,1.5327835083007812,-0.7549910545349121,0.9190800786018372,0.5022585391998291,-0.784062385559082,1.8431390523910522,1.435198187828064,0.9197763800621033,-0.42131611704826355,0.5060980916023254,1.5308856964111328,-0.534180760383606,-0.5038022994995117,-0.6170633435249329,0.14356011152267456,-2.041274070739746,-2.362490653991699,-1.5808595418930054,0.40731558203697205,-0.48636549711227417,-2.901843547821045,1.0781446695327759,-3.164966344833374,0.15329208970069885,-0.8078912496566772,0.38397035002708435,1.126283049583435,-0.01586245745420456,1.209523320198059,-0.37848588824272156,0.34678420424461365,1.6899408102035522,1.578308343887329,-1.876854658126831,0.055889204144477844,-0.8843470215797424,-0.668521523475647,0.7638744115829468,0.26817798614501953,-0.597614049911499,0.576040506362915,1.2288093566894531,2.9573206901550293,-0.6444916725158691,0.23549355566501617,1.538079857826233,-0.43627241253852844,0.6693174839019775,-2.284198522567749,0.13448697328567505,0.042224910110235214,1.3706817626953125,-1.169102668762207,-1.757171630859375,-0.07263399660587311,0.7780779600143433,0.5140701532363892,1.2674745321273804,0.4085436463356018,0.6037304997444153,-0.7883595824241638,2.3954904079437256,-0.23707064986228943,1.6373783349990845,1.0001896619796753,0.562788188457489,-0.9742347002029419,-0.4481993317604065,-0.056182801723480225,-2.136502742767334,-1.689730167388916,-2.1730844974517822,1.7363947629928589,0.44511017203330994,-1.7508620023727417,-2.797074794769287,-0.41656434535980225,0.39672765135765076,-2.286910057067871,1.9879189729690552,0.7612072229385376,0.13437700271606445,0.7754893898963928,0.9057824015617371,0.15532590448856354,0.5692418217658997,-1.5033637285232544,-0.5601193904876709,1.043440818786621,-0.20962855219841003,-1.0436861515045166,0.8785082697868347,2.7797374725341797,-1.032585859298706,2.1887001991271973,0.053801167756319046,0.2131766825914383,1.0246094465255737,0.20933963358402252,1.0006133317947388,-1.6735584735870361,-0.5782981514930725,1.5535640716552734,0.4844690263271332,0.018608365207910538,-1.0935451984405518,-0.11559233069419861,0.5918384194374084,0.003208573441952467,1.8467546701431274,2.1782267093658447,1.046303629875183,-6.0106377601623535,1.7313392162322998,-1.45237398147583,1.4665285348892212,1.3203774690628052,-0.2340497523546219,-1.4136765003204346,-0.548393189907074,-0.14942961931228638,-0.1644551306962967,1.0239700078964233,-1.2754729986190796,2.4089441299438477,-0.7169970870018005,2.4723644256591797,1.0431336164474487,0.24461878836154938,0.5014877915382385,-1.0546668767929077,-0.04700472205877304,-1.1307295560836792,1.4590728282928467,-1.9943195581436157,-0.029042458161711693,0.5150038003921509,0.6397930383682251,-1.71165931224823,0.8678264617919922,1.2070603370666504,0.54615318775177,2.854515552520752,0.13450992107391357,1.2517393827438354,0.48469531536102295,-1.6997957229614258,-2.0805094242095947,2.1596953868865967,-0.7763893008232117,0.36947229504585266,-1.145639181137085,2.305556058883667,-0.8955638408660889,1.0909830331802368,-1.2235560417175293,-0.5925915837287903,2.172325611114502,-1.4448062181472778,0.09258417785167694,0.36956629157066345,2.0883936882019043,0.05072967708110809,-0.5531234741210938,1.7853845357894897,-0.6914584636688232,-0.9332666397094727,0.7428682446479797,-0.1969345510005951,-0.19437727332115173,-0.978522539138794,1.9119282960891724,0.1945313662290573,1.8002924919128418,0.5811038017272949,-0.24054478108882904,1.4589593410491943,1.428706169128418,1.3905218839645386,-0.6275588274002075,-3.0655319690704346,-1.1372313499450684,0.22898542881011963,-0.9583989977836609,-0.08162616193294525,-1.8892325162887573,-0.5206745266914368,0.7584895491600037,2.5110411643981934,-1.2498198747634888,0.3903631865978241,-0.8482473492622375,1.1543269157409668,2.2539784908294678,-0.36745941638946533,0.8714079260826111,-0.3045040965080261,0.47036129236221313,-1.4577643871307373,-1.7240896224975586,0.10622632503509521,-0.9472326636314392,-1.2032448053359985,-0.026650166139006615,0.7330891489982605,0.48073920607566833,-1.0590051412582397,0.15348748862743378,2.988537311553955,0.7248193025588989,-0.26987937092781067,1.5153173208236694,0.04614045470952988,-0.08234784752130508,0.4004153609275818,0.453748494386673,0.05732385069131851,-0.44591447710990906,0.9957892298698425,0.22552943229675293,0.6784207820892334,1.3375217914581299,0.3143123686313629,-0.250425785779953,-0.6646475195884705,-1.6895644664764404,0.5086709260940552,-0.5711305141448975,-1.5816891193389893,2.4419519901275635,-1.3175716400146484,1.0456279516220093,-0.2966093122959137,0.38108667731285095,-0.7530199289321899
需要,-0.7523695230484009,-0.6437323689460754,-1.8635022640228271,-0.8376188278198242,-0.8894806504249573,-0.43757951259613037,-0.07870711386203766,2.050431251525879,1.7498584985733032,-1.2320160865783691,-2.113240957260132,-0.573704719543457,-0.45686984062194824,0.9315279126167297,-2.118839740753174,-1.0266700983047485,0.4508184492588043,0.7038766741752625,-2.8479888439178467,-1.0856621265411377,-2.701692819595337,-0.3307856321334839,2.2665045261383057,-1.1399914026260376,-1.0286142826080322,-1.7249354124069214,1.6117358207702637,-0.17911143600940704,0.6579604744911194,1.3848364353179932,0.9311071634292603,0.5783241987228394,-2.46528959274292,-1.1881763935089111,-1.5804345607757568,-2.508112668991089,-2.4407472610473633,-1.7687265872955322,1.4814003705978394,-0.72113436460495,-0.7225308418273926,0.3232676088809967,-0.8609949946403503,-1.7381095886230469,-0.5586578249931335,-0.6321123242378235,-0.8375729322433472,-0.09582915157079697,-1.0790523290634155,-2.019792318344116,0.44982969760894775,1.891532301902771,1.8519867658615112,0.28558725118637085,-1.2625482082366943,2.4142847061157227,-1.1838690042495728,1.1507974863052368,0.06279358267784119,0.33316946029663086,1.8889544010162354,-0.05582254007458687,-1.9337940216064453,-0.3386235237121582,0.5546978116035461,0.43396154046058655,-0.978009819984436,1.5416289567947388,0.3010629415512085,-1.4231356382369995,-1.0549976825714111,0.5782721042633057,-1.270752191543579,-0.8856030702590942,0.0896473303437233,-0.33581751585006714,-0.16746897995471954,0.24510517716407776,-2.130523681640625,1.0374481678009033,2.383789539337158,0.6238428950309753,-0.9619325995445251,-0.6173703670501709,-0.4661421775817871,0.4491770267486572,2.3648886680603027,-1.057105302810669,-1.7354451417922974,-1.0704185962677002,0.12616294622421265,1.188572645187378,-1.3194165229797363,-0.6034766435623169,1.0870286226272583,0.11410172283649445,0.6628006100654602,2.0476160049438477,0.7234634160995483,-0.23269738256931305,0.886049747467041,-1.2613039016723633,-0.5109859704971313,1.9257524013519287,0.4297771751880646,1.8552629947662354,2.883051633834839,0.7078820466995239,-1.231842041015625,-0.3172380328178406,-0.6043595671653748,-0.4866623878479004,-2.312108039855957,1.435476303100586,-1.4701236486434937,-1.3501770496368408,1.4115468263626099,-0.9978592395782471,-3.2644598484039307,-0.39176812767982483,1.9229527711868286,-1.9034814834594727,-0.12692676484584808,2.984220266342163,-0.01802236959338188,-1.2498829364776611,1.488358736038208,2.1742780208587646,0.28032606840133667,-1.6983562707901,1.2401734590530396,0.791049063205719,1.1238924264907837,1.8210514783859253,-0.8771434426307678,0.7449276447296143,1.7013826370239258,0.05676284059882164,-0.02275744639337063,-1.4609163999557495,-0.8871462345123291,3.254633903503418,-2.8163602352142334,1.9988682270050049,1.0051121711730957,1.9336826801300049,-1.9200823307037354,-0.09521439671516418,-0.4320780336856842,-1.0344027280807495,-0.819721519947052,0.3424893915653229,-0.3834686577320099,2.300781726837158,0.9291412234306335,-1.4671318531036377,0.8103733062744141,0.23995201289653778,0.30434849858283997,-0.2698560655117035,-0.5678750276565552,-0.684726357460022,1.9390937089920044,-0.13472281396389008,1.3025320768356323,-1.4411287307739258,0.11673589795827866,-1.6263651847839355,-0.612267255783081,-2.260080575942993,-0.16299115121364594,1.500948429107666,-0.24408242106437683,-0.4629802405834198,0.03730115294456482,1.890647292137146,0.8178269863128662,-1.1822813749313354,1.0371208190917969,1.1729520559310913,-2.3194997310638428,-0.9112584590911865,0.017858577892184258,1.236102819442749,0.5161905288696289,1.8271055221557617,-0.23115210235118866,-0.3668493628501892,-1.579720139503479,-2.2840919494628906,1.0861716270446777,-2.041821241378784,-0.9384116530418396,-0.39070650935173035,1.0294721126556396,0.2100910097360611,2.6563596725463867,-0.5291701555252075,-0.17287077009677887,1.773077130317688,-0.6324324011802673,-0.4442574679851532,0.40118083357810974,-0.3606232702732086,1.341936469078064,1.2933818101882935,-0.05965403839945793,-0.8626453876495361,1.370903491973877,0.581149160861969,-0.4882296621799469,0.5075502991676331,-2.34385085105896,0.7482510805130005,-0.46127498149871826,-0.5482859015464783,2.4679360389709473,0.4331042766571045,-0.04451343044638634,1.765494465827942,0.025531962513923645,-0.28520509600639343,0.8761594891548157,0.7116646766662598,0.7884340882301331,0.07432760298252106,1.2938330173492432,0.44257307052612305,-1.0978574752807617,0.6667529940605164,1.2719954252243042,0.17270271480083466,-0.7330300807952881,-0.970281183719635,-1.2334548234939575,-1.6942453384399414,0.07703536003828049,0.5467862486839294,-0.7647436857223511,0.4723556339740753,0.5603197813034058,-0.6019153594970703,0.027572747319936752,0.26170819997787476,-2.486799716949463,1.3835175037384033,-0.2790796756744385,0.3315521776676178,-1.040728211402893,-0.36578047275543213,0.06702853739261627,-0.39912983775138855,-1.2096580266952515,2.392509698867798,-0.174844428896904,-0.40155228972435,-3.271811008453369,-1.319549322128296,1.4781910181045532,-1.1979029178619385,-0.4883427619934082,-2.395120620727539,-0.8281762003898621,0.02540603280067444,2.825122356414795,-1.217507243156433,-1.9480044841766357,0.6220331788063049,-2.400407314300537,0.4228375256061554,0.5869765877723694,-1.7998920679092407,-1.1353486776351929,2.373783588409424,-2.040501117706299,0.8968182802200317,2.610145092010498,2.278730869293213,0.678297221660614,0.278089314699173,4.759248733520508,0.540734052658081,-0.9995381832122803,1.5051227807998657,0.207392618060112,2.9567081928253174,1.3715397119522095,-0.3108595311641693,0.6977948546409607,-1.3225327730178833,-0.8138274550437927,-0.9878041744232178,0.40273499488830566,1.3662189245224,0.3207278847694397,0.8364169001579285,-1.1444569826126099,1.074741005897522,-0.3336932063102722,-2.073279857635498
各个方面,-0.16837243735790253,0.46457022428512573,0.15862156450748444,0.009318167343735695,0.06647653132677078,-0.3119499683380127,-0.15929727256298065,0.07938160002231598,-0.25549718737602234,-0.15841898322105408,0.08513430505990982,-0.8598473072052002,-0.1965285986661911,0.23076725006103516,-0.3613705039024353,-0.25660547614097595,0.707236111164093,0.11966747790575027,-0.7147548794746399,-0.6456863880157471,0.10576242953538895,0.020383069291710854,-0.6771273016929626,0.2627696990966797,0.018056171014904976,-1.1241141557693481,0.4567629098892212,0.1980382651090622,-0.1735791563987732,0.09591906517744064,0.07607332617044449,0.25019609928131104,-0.8842837810516357,0.2363983690738678,-0.10724948346614838,-0.18631820380687714,0.09225455671548843,-0.34583428502082825,-0.9224259257316589,0.04497591033577919,0.25262153148651123,0.044752176851034164,-0.3527791500091553,0.6706633567810059,0.7313464283943176,0.020359497517347336,-0.12532401084899902,0.05204295739531517,0.18155524134635925,-0.32597294449806213,0.09566104412078857,0.29886895418167114,-0.04041038453578949,0.8109540939331055,-0.0689297616481781,0.9639639854431152,-0.5427359938621521,0.2924959659576416,0.6046833395957947,-0.012702623382210732,0.15170566737651825,1.178159236907959,0.15259645879268646,-0.06773968040943146,-0.850892961025238,0.5198525190353394,0.4328381419181824,0.7730600237846375,-0.5541028380393982,-0.02527974545955658,0.10493738204240799,-0.24408267438411713,-0.04291895404458046,0.5541435480117798,-0.0592653714120388,0.11748477816581726,0.07331377267837524,0.34786680340766907,0.12740692496299744,-0.3204655051231384,-0.26637256145477295,-0.3498222231864929,-0.49198347330093384,-0.05867179110646248,-0.021557116881012917,0.1277208924293518,-0.08583799749612808,0.2393800914287567,0.21946784853935242,0.06694583594799042,0.5100393295288086,-0.14651072025299072,0.14002110064029694,-0.2404865026473999,-0.43580955266952515,-0.06052006036043167,0.6745593547821045,0.328253835439682,-0.10355222225189209,-0.2550446093082428,0.6004166603088379,-0.46408161520957947,0.20375356078147888,0.489236980676651,-0.34091660380363464,0.28114306926727295,-0.34369775652885437,-0.3462701141834259,-0.09922565519809723,0.22504475712776184,0.37783125042915344,-0.44318628311157227,-0.30304086208343506,0.5555551052093506,0.17631271481513977,-0.14818128943443298,-0.25016704201698303,-0.3601113259792328,-0.371756374835968,0.1626184731721878,0.4819413721561432,-0.4081117808818817,0.017721936106681824,0.6328997015953064,0.2618364989757538,-0.309791624546051,0.6385447382926941,0.47484922409057617,0.6772308945655823,-0.8143289089202881,-0.2868318557739258,0.04275696724653244,0.28373828530311584,0.06270259618759155,-0.33745673298835754,0.48189300298690796,-0.09582459926605225,0.06966143846511841,0.23758257925510406,-0.11552570760250092,-0.4374607503414154,0.4365319609642029,-0.048816803842782974,-0.09307380020618439,0.3507262170314789,0.2218026965856552,-0.5529851317405701,-0.13261526823043823,0.015953805297613144,0.03211509808897972,0.5366673469543457,-0.18892870843410492,-0.1355898231267929,-0.32168635725975037,0.2671862840652466,-0.7765759229660034,-0.08199238777160645,0.6225342750549316,-0.30071282386779785,-0.9001756310462952,-8.312296267831698e-05,-0.49652212858200073,-0.31308308243751526,-0.6179776191711426,0.7113603353500366,-0.4257725477218628,0.44756171107292175,-0.44476228952407837,0.24748462438583374,0.42405739426612854,-0.7134125232696533,-0.6093752384185791,-0.13030196726322174,0.547025740146637,0.18020890653133392,0.23829810321331024,-0.07533353567123413,-0.19376109540462494,-0.09838813543319702,-0.5315057635307312,-0.345660924911499,0.1736331731081009,-0.21439196169376373,0.08296956866979599,-0.18294212222099304,0.3028676509857178,-0.2025391310453415,-0.3301275372505188,0.1960357278585434,0.05590233579277992,-0.6351922154426575,-0.10754874348640442,-0.30905914306640625,0.4152703583240509,-0.10762718319892883,-0.40018174052238464,0.1515669971704483,0.5227938890457153,-0.4927319586277008,0.11699279397726059,-0.33686721324920654,-0.055251892656087875,-0.04032517224550247,-0.28630396723747253,0.058873582631349564,0.45176437497138977,-0.24443481862545013,0.22734981775283813,0.03486074134707451,-0.28247612714767456,-0.1418549120426178,-0.7402172088623047,0.026138555258512497,-0.44161754846572876,-0.8958828449249268,-0.4765948951244354,-0.8027744293212891,0.31102508306503296,0.042076073586940765,0.1831052005290985,0.5594455003738403,0.13712139427661896,0.010627121664583683,-0.24316158890724182,0.07497707009315491,-0.6479811072349548,0.9102630019187927,0.011937662959098816,-0.37898802757263184,0.4080035090446472,-0.26202163100242615,-0.09694033861160278,0.27397778630256653,-0.6405335068702698,0.1166483610868454,-0.25138989090919495,0.32273295521736145,-0.647397518157959,-0.09308928996324539,-0.22288618981838226,0.35826998949050903,0.7441505193710327,0.021721936762332916,0.10381867736577988,-0.5860334634780884,-0.6453181505203247,0.21511276066303253,0.2626148462295532,-0.041001059114933014,-0.4248390197753906,0.16523288190364838,0.3170338571071625,0.3105374276638031,-0.24871696531772614,0.5065959692001343,-0.18174336850643158,0.0049287970177829266,0.4122576117515564,0.5460025668144226,-0.7802688479423523,-0.06159993261098862,-0.18008510768413544,0.0011920408578589559,0.5362878441810608,0.23937177658081055,0.17122125625610352,0.13068081438541412,0.5684638023376465,0.24675558507442474,0.01715659722685814,0.047000493854284286,-0.15172243118286133,0.4117884039878845,0.2724684178829193,-0.649418294429779,0.528073787689209,0.24983876943588257,-0.0023991630878299475,0.12149950116872787,-0.6205011606216431,0.33148622512817383,-0.27922481298446655,-1.0166276693344116,0.4920015037059784,-0.1190677210688591,-0.15112464129924774,0.11205644905567169,0.5545467734336853,0.2164628952741623,-0.6337097883224487,0.3247852325439453,-0.6277648210525513,0.39006340503692627,-0.658808171749115,0.15199114382266998,0.19108113646507263,0.6716065406799316,-0.10837382823228836,0.032155510038137436,-0.29622742533683777
因素,0.15810325741767883,-0.5795309543609619,0.9814803600311279,-0.04602677375078201,-1.6575061082839966,-1.201291799545288,0.5277961492538452,1.7766116857528687,1.0512371063232422,-1.2958027124404907,-0.9271919131278992,-0.011276202276349068,-0.5684104561805725,-0.2822875678539276,-0.7834204435348511,1.395464301109314,1.5708116292953491,2.1185433864593506,-1.5782451629638672,-1.234198808670044,-0.8692658543586731,0.017159396782517433,0.3627586364746094,-0.7407867312431335,-1.0811494588851929,-1.9396113157272339,-1.164036512374878,-2.490340232849121,-0.08898038417100906,0.9943894743919373,-0.2579217851161957,1.0864466428756714,-2.5419509410858154,-0.2038276046514511,-1.265625,-1.498170018196106,0.9642143249511719,-2.826946258544922,-2.1561620235443115,-0.0747273862361908,-0.2515623867511749,1.46051824092865,-3.802196502685547,-0.37000375986099243,0.7406075596809387,0.35324981808662415,1.8944283723831177,0.1213875487446785,-2.272844076156616,-0.6915529370307922,1.8730254173278809,-1.0261499881744385,3.0873241424560547,1.7883423566818237,-0.7525596618652344,3.782256841659546,0.5350297689437866,-1.1959744691848755,0.8945847153663635,-2.242952585220337,-0.8194685578346252,1.528288722038269,1.565386176109314,-1.0075563192367554,-0.29652854800224304,-1.5424491167068481,1.3805633783340454,2.064135789871216,0.6547340750694275,-1.013941764831543,-1.4322348833084106,0.032729148864746094,-1.3854796886444092,-0.7278612852096558,0.3492550849914551,-2.119719982147217,-0.9183898568153381,-0.24490582942962646,-0.39560213685035706,0.5342958569526672,-1.2435437440872192,-2.7559659481048584,-2.0075178146362305,0.6024589538574219,-0.43831881880760193,-0.8815752863883972,0.07978188246488571,1.775202989578247,-0.3596034646034241,2.378661632537842,2.1165096759796143,0.22575639188289642,-1.2947313785552979,1.5216178894042969,0.19334515929222107,-1.8213013410568237,1.2544069290161133,2.34443736076355,-0.8856844902038574,-1.3025184869766235,0.9781684875488281,-0.2576275169849396,-1.0951429605484009,0.025248687714338303,-0.3334980010986328,0.5787786245346069,0.7529610395431519,-0.12261927127838135,-1.0446723699569702,-0.1793239265680313,0.2313549816608429,-1.3627711534500122,0.3047630786895752,-0.023422326892614365,1.710980772972107,-1.8946247100830078,2.079927682876587,1.6024601459503174,-0.9945139288902283,2.1401846408843994,0.1939571350812912,-0.09055240452289581,-1.8387662172317505,0.5286921858787537,-1.0495963096618652,-0.18616770207881927,-1.22538423538208,-0.6669295430183411,-0.7767524123191833,0.2836952209472656,-0.20620937645435333,-0.7664066553115845,1.267915964126587,-1.627202033996582,1.065153956413269,0.2572631239891052,0.24268542230129242,1.3498812913894653,1.2328038215637207,-0.18188637495040894,-2.4631764888763428,0.2548976540565491,-1.8012617826461792,0.7105660438537598,0.0572366863489151,1.6867046356201172,-1.3034943342208862,-0.7520537376403809,-1.7659573554992676,0.3260907232761383,0.5308331847190857,-0.8417691588401794,1.65157151222229,1.5429635047912598,-1.879001259803772,-2.858811378479004,-1.3398617506027222,3.048269748687744,-2.3628060817718506,-2.1265976428985596,-0.3293503522872925,-2.3363428115844727,-1.1618789434432983,0.03598155453801155,0.016351288184523582,-1.295373797416687,-0.19906823337078094,-0.5744245648384094,2.070333242416382,-0.3771686255931854,-2.953934669494629,-0.09583194553852081,0.003984737675637007,0.06895827502012253,-0.2583414316177368,3.6981263160705566,-0.09809988737106323,0.0004802292969543487,-0.4167836010456085,0.5788427591323853,0.05656443536281586,-0.13319239020347595,-0.42486119270324707,0.6503966450691223,1.7372989654541016,-0.18253862857818604,-0.7480287551879883,0.31576061248779297,0.8296235203742981,-0.9079157114028931,-0.45957356691360474,0.2948639392852783,-0.2159838229417801,1.8148000240325928,-0.08945009857416153,-0.2718842625617981,1.0491119623184204,0.3096269369125366,1.1830590963363647,1.6469091176986694,-0.7268240451812744,-1.8707305192947388,-3.124544382095337,-0.9573869705200195,1.388926386833191,0.6881019473075867,-1.4145797491073608,-0.15488146245479584,1.662567138671875,0.1481925994157791,-0.7148867845535278,-1.4380879402160645,-2.967421770095825,-1.771859049797058,-2.5401692390441895,-2.3513803482055664,-0.4062390625476837,2.0823891162872314,-2.4013500213623047,1.5051488876342773,-0.2924440801143646,-0.26520389318466187,-0.25580692291259766,1.171494722366333,0.993507981300354,-1.8031116724014282,2.217284917831421,-1.329469084739685,-1.7722101211547852,1.9321027994155884,0.703099250793457,-0.9855284094810486,1.030861496925354,0.09225393831729889,-1.6316871643066406,-1.4664325714111328,1.3691682815551758,1.6548333168029785,-1.644149899482727,-0.6675047874450684,1.9925097227096558,4.261923789978027,0.7113272547721863,-1.1858291625976562,-2.134942054748535,0.15489423274993896,1.251166582107544,0.3736472427845001,-0.659633457660675,-1.2926474809646606,-1.1334894895553589,-0.5151684880256653,-0.08854940533638,-0.7984238862991333,-0.11511282622814178,-0.6039021611213684,-0.4704175293445587,-0.3539842367172241,2.6538870334625244,-2.0382914543151855,1.7608332633972168,-2.308661460876465,1.7117096185684204,0.9160316586494446,1.7021586894989014,1.54628586769104,-1.6888036727905273,0.3477456271648407,0.17467564344406128,-1.2178127765655518,0.557041585445404,-0.5679720640182495,-1.0881454944610596,0.5367149114608765,-1.2592054605484009,1.1526901721954346,0.15638116002082825,0.4251708388328552,1.4081534147262573,0.15293216705322266,1.353637456893921,0.8845438361167908,-3.534172534942627,0.6826168894767761,0.2623293697834015,3.7289061546325684,1.8127963542938232,0.5376086831092834,1.3575737476348877,-1.757627248764038,-2.440180778503418,-1.6815273761749268,2.8298377990722656,0.23770835995674133,-0.7383152842521667,0.9464245438575745,0.8682494759559631,-0.05979426950216293,0.5106633305549622,-2.4741923809051514
前提,-0.3986896276473999,0.43171143531799316,2.194053888320923,-0.35970842838287354,0.5962178707122803,-0.16143783926963806,0.41493189334869385,0.8086442947387695,-0.5566353797912598,-1.4889942407608032,0.9906201362609863,0.10731058567762375,-0.5883567333221436,0.24852898716926575,-0.9778704643249512,0.9200116991996765,0.05383696407079697,1.3418185710906982,-1.774455189704895,-1.5998656749725342,-0.30203136801719666,-1.8058050870895386,0.7448567748069763,-0.18385347723960876,0.3084736466407776,1.0466336011886597,0.26527726650238037,-1.0673089027404785,0.3258163630962372,2.1582679748535156,-0.9309917092323303,0.4149865508079529,-3.03474760055542,0.6959717273712158,-0.015248628333210945,0.09783831238746643,-1.8263381719589233,-1.2941734790802002,0.7704615592956543,1.3691322803497314,0.5161276459693909,0.059497758746147156,-1.2882682085037231,-1.6366132497787476,1.0816301107406616,1.1865049600601196,1.1352721452713013,0.8256409168243408,-2.0189573764801025,-0.7878988981246948,0.2111237347126007,0.6920979619026184,0.44694122672080994,1.010678768157959,-0.4697168469429016,-0.24229696393013,0.32401978969573975,0.6800532937049866,-0.3932012617588043,-1.6909725666046143,0.17248867452144623,-1.1207101345062256,-0.15701672434806824,1.7210603952407837,-1.683855652809143,1.3137561082839966,0.1526634246110916,1.3148826360702515,-1.7932097911834717,-1.499029278755188,0.16849224269390106,0.7012844681739807,-2.143505811691284,-1.761791467666626,-1.6889233589172363,-0.1605076938867569,0.4482048451900482,-0.06551791727542877,-0.9251933693885803,-0.023456411436200142,-0.028265681117773056,0.9550100564956665,-0.6509619951248169,2.533623218536377,0.2451111525297165,1.634845495223999,0.77255779504776,0.8872518539428711,0.3934279680252075,0.14435119926929474,-1.531307339668274,0.9134730100631714,-0.30852270126342773,0.5411486625671387,-1.1240713596343994,-1.633278489112854,1.7014144659042358,2.3858959674835205,0.3764995038509369,-0.09391666948795319,-0.1352248638868332,-0.45077750086784363,-0.397572785615921,-0.04903872683644295,-1.330319881439209,0.5929827690124512,0.3049079179763794,0.7367762923240662,-0.6247481107711792,1.2480831146240234,0.7993826270103455,-0.8031108379364014,-0.34035807847976685,1.3906316757202148,0.01510282326489687,-0.14298543334007263,1.550553798675537,0.14116138219833374,-1.5185030698776245,0.09444501996040344,0.1431485414505005,-0.7801430225372314,0.9003649950027466,0.15870675444602966,-1.878941297531128,-0.020823456346988678,-0.47608083486557007,0.42506054043769836,0.21168158948421478,-1.6133134365081787,0.3587966859340668,-1.3514360189437866,0.8451849818229675,1.5405056476593018,-1.0226171016693115,-1.3940666913986206,2.03637433052063,2.541189193725586,1.0409319400787354,-0.4993683397769928,-1.0964860916137695,0.2853846549987793,0.1173786148428917,-1.2959591150283813,1.027690052986145,1.4106953144073486,-1.012768268585205,1.5283350944519043,-2.192657709121704,0.26150864362716675,0.9109034538269043,-1.0706138610839844,1.5527355670928955,2.9914634227752686,-0.6141270399093628,-1.412334680557251,-1.326891303062439,0.30033543705940247,-0.34172695875167847,-0.1501641422510147,0.2830335795879364,-1.6940885782241821,-0.1669262945652008,0.236639142036438,0.6646172404289246,-1.463035225868225,1.5355377197265625,-0.023015696555376053,0.49962007999420166,0.36517563462257385,-0.6594585180282593,-1.39124596118927,1.4019312858581543,0.5665315985679626,-0.07298196852207184,1.3799833059310913,-0.5760018229484558,-1.9898775815963745,0.7011488676071167,-1.0015451908111572,-0.4330291152000427,-1.5432018041610718,0.05607818067073822,-0.0013301295693963766,0.5866342186927795,0.497079074382782,-1.21568763256073,1.306152582168579,-1.537506341934204,-0.8143531084060669,-0.6373125314712524,-3.105433940887451,-1.5652025938034058,1.274500846862793,2.114900588989258,-1.4542697668075562,1.8654426336288452,0.5248711109161377,-1.235748052597046,2.312767505645752,-0.032305922359228134,-0.12253931909799576,0.3912130892276764,-0.07449989020824432,-0.8280671238899231,1.2301397323608398,-0.3874572813510895,1.0271793603897095,1.1240684986114502,0.3940088450908661,-0.04008547216653824,-0.08560018241405487,-2.2957801818847656,1.726280689239502,-0.8247965574264526,-2.5474510192871094,0.061684828251600266,0.2858612835407257,-0.27785542607307434,0.07823310047388077,0.06938271969556808,0.2169596254825592,-1.605232834815979,0.7166491150856018,0.5499666929244995,-2.097057580947876,-0.06303320825099945,0.4856984615325928,-0.7967397570610046,0.6101962327957153,0.2536643147468567,-0.034778449684381485,0.6162066459655762,-0.6546493172645569,-0.8452236652374268,-0.2338155061006546,0.44363588094711304,-0.3943904936313629,-0.7320658564567566,0.08272538334131241,1.0074658393859863,0.7993336915969849,1.3085886240005493,-1.4250539541244507,-2.5176141262054443,0.8065416216850281,1.1395037174224854,0.35942021012306213,-1.387569546699524,-0.3277823030948639,0.08971087634563446,-0.1038343757390976,0.1006106436252594,-0.6406999826431274,-1.5133521556854248,0.11869768798351288,-1.616845965385437,-0.6132773160934448,0.7963220477104187,-0.05034264549612999,0.37532031536102295,-1.7624809741973877,0.10757017880678177,0.1075810119509697,1.2357072830200195,-0.6339988708496094,-0.1850918084383011,-1.7920000553131104,-1.1442506313323975,-1.5545096397399902,0.36869925260543823,0.620552122592926,2.259036064147949,1.7844887971878052,-1.1050209999084473,-0.8925614953041077,0.8433974385261536,-0.6330166459083557,-1.0095877647399902,-0.7577627301216125,1.6191290616989136,1.1089723110198975,-0.9755502343177795,-0.09168756008148193,2.3971927165985107,0.0050122095271945,-0.4509109556674957,1.427109956741333,1.47653329372406,-1.7914807796478271,-1.9340856075286865,0.7383243441581726,-0.234139084815979,1.0636622905731201,0.20253826677799225,2.1415762901306152,1.6203410625457764,0.327324777841568,-1.1554603576660156,-0.7838307023048401
做好,1.3124672174453735,-2.725938558578491,-0.12458030879497528,-0.36056292057037354,0.4344184100627899,0.3277807831764221,-2.2391862869262695,1.9229410886764526,-0.5956860184669495,-1.5874392986297607,-1.751808524131775,0.3235638737678528,1.0973238945007324,-1.6136832237243652,-1.4428982734680176,-0.6546618342399597,0.6361526846885681,-0.1034216657280922,-0.7285093069076538,-0.7717546224594116,-0.9841535091400146,-1.5298444032669067,1.250525712966919,0.31332120299339294,-0.6562243103981018,-1.3218516111373901,-0.5760591626167297,-0.14833344519138336,-2.00482439994812,1.022303819656372,-0.3593205511569977,-0.9035492539405823,0.30735787749290466,1.5465781688690186,-0.9475057125091553,-0.25217321515083313,-0.32057705521583557,0.510287880897522,-0.4709821045398712,-1.6975940465927124,-0.25037360191345215,-0.979286789894104,1.7190979719161987,-0.7483019828796387,-0.7282871007919312,-0.25062093138694763,-0.05396388843655586,0.1521093100309372,-1.4130935668945312,-0.5539463758468628,-1.4638439416885376,-1.2286838293075562,1.4894418716430664,1.6911277770996094,-0.6190823316574097,0.7711239457130432,-0.7632681131362915,2.0365583896636963,-1.3460646867752075,0.28628095984458923,0.6493034362792969,0.23140265047550201,0.7404536008834839,0.4460301995277405,1.1348302364349365,0.7717605233192444,-0.2081109583377838,1.5576692819595337,0.08117789030075073,-1.5821837186813354,0.5866077542304993,1.271378993988037,0.19926925003528595,-0.2648020386695862,1.6586531400680542,-1.2778851985931396,0.2960786521434784,1.9960850477218628,-1.1421865224838257,0.1717105209827423,1.3149244785308838,2.0004189014434814,-0.29974496364593506,0.6086181998252869,0.4780975878238678,1.4507325887680054,0.47653934359550476,-0.61506587266922,-0.7252019643783569,0.682975709438324,-0.5874451398849487,0.5402037501335144,0.7919025421142578,2.076871633529663,0.20812033116817474,-1.920248031616211,1.0157194137573242,1.6020716428756714,-1.9286859035491943,-1.0758030414581299,0.15746040642261505,-0.18645848333835602,-0.7711980938911438,0.15375842154026031,1.1157711744308472,-0.4120950698852539,0.32914999127388,1.718032956123352,1.0289695262908936,0.2641407549381256,0.7642328143119812,0.11533775925636292,-0.5287081599235535,-0.8492065072059631,-0.4408515989780426,0.40199416875839233,-1.0979442596435547,-1.8654124736785889,-0.9457651972770691,-1.062380075454712,0.7889019846916199,-2.3342065811157227,2.6518356800079346,2.526094675064087,-0.9812945127487183,-0.8496510982513428,0.08675568550825119,2.976397752761841,1.2637004852294922,-1.6801549196243286,-0.1637284755706787,-0.6501222252845764,0.09639651328325272,1.495285987854004,0.3508676588535309,2.330657958984375,0.9515175223350525,0.5668951869010925,-0.7079551815986633,-0.3452315926551819,-0.6487857699394226,-1.1805369853973389,0.8797286152839661,-0.0051215835846960545,0.2986292243003845,0.2837018668651581,-0.11701817065477371,-1.3091576099395752,-0.9111391305923462,-2.3365135192871094,0.4999622106552124,-1.6929941177368164,0.8654029965400696,-1.1018518209457397,0.4525415897369385,0.15310730040073395,-0.17286038398742676,1.248034119606018,-2.1120457649230957,-2.190843343734741,-0.014078612439334393,-0.12954896688461304,2.8455491065979004,-1.1498078107833862,2.120337724685669,0.09201118350028992,0.042346250265836716,0.7842698693275452,1.271364450454712,0.919951319694519,-0.04429872706532478,-1.6359144449234009,-1.1506965160369873,-1.6003895998001099,-0.12203419208526611,0.23689313232898712,0.6574623584747314,-1.1048301458358765,-0.7200866341590881,-0.8849996328353882,-1.1515012979507446,-0.6352575421333313,-0.09797423332929611,-0.06963971257209778,-2.5649898052215576,-0.10274855047464371,-1.576019048690796,2.110119342803955,-0.8225668668746948,-1.0852457284927368,-0.511255145072937,-1.767378330230713,-1.4343194961547852,0.05964699760079384,1.3773267269134521,-1.3047221899032593,-1.9929258823394775,-0.17954270541667938,-0.40360206365585327,1.6208243370056152,-0.4959985315799713,-0.4091510474681854,1.879738450050354,-0.45692357420921326,0.3888614773750305,0.2818441092967987,1.4647724628448486,-0.5448097586631775,0.6720535755157471,2.330798387527466,0.3940967619419098,0.8494088053703308,-0.04725131019949913,1.3841187953948975,0.7656047940254211,-0.6780712604522705,0.37928733229637146,2.631460189819336,1.8504709005355835,0.15035340189933777,0.3741428852081299,1.0434948205947876,0.07804831862449646,1.784577488899231,0.5841594934463501,-1.6713424921035767,-0.6917388439178467,-1.2370771169662476,-1.0604383945465088,1.3601645231246948,0.8390335440635681,0.31529709696769714,1.5902431011199951,-1.3147097826004028,0.44401708245277405,0.5203397870063782,-0.4520508646965027,-0.31564509868621826,0.3916943669319153,1.2261552810668945,0.3429454565048218,0.5923599600791931,-0.9058847427368164,0.3226016163825989,-1.3977680206298828,1.0835174322128296,0.6765755414962769,0.40648147463798523,-0.5492540597915649,1.2727410793304443,-1.2822999954223633,-0.5756816267967224,-2.187563896179199,-1.0210121870040894,-1.1073787212371826,-0.3007116913795471,-1.3091979026794434,-0.8003040552139282,-1.0318241119384766,-0.14373813569545746,-0.2978382110595703,-2.0704121589660645,-1.143850326538086,0.09082135558128357,0.05764443054795265,-1.1475247144699097,-0.9863331913948059,-1.2275078296661377,-0.9177897572517395,-0.5124544501304626,-0.7364909052848816,-1.2729328870773315,0.9719853401184082,2.3297905921936035,0.3710440695285797,-0.02924586832523346,-0.024132000282406807,0.4175184667110443,0.9101327657699585,0.9487373232841492,1.467215657234192,1.1209540367126465,0.2587154507637024,-1.0861217975616455,-0.1821504682302475,0.9712022542953491,0.9482752084732056,-0.5471643209457397,-0.40844348073005676,-1.3338056802749634,-0.4044434130191803,0.9166523218154907,1.4174609184265137,0.760638415813446,-1.614709496498108,-0.06710731983184814,0.886756420135498,0.43996503949165344,0.03836023062467575,0.05674382299184799
不断,1.4027459621429443,-0.19027458131313324,-0.8032699823379517,-1.3295928239822388,-0.891061007976532,0.8725177049636841,0.1271401196718216,0.8171780109405518,-1.9428653717041016,0.5841280817985535,-1.053125023841858,0.3443911075592041,-1.7298003435134888,-0.9042453169822693,0.15149256587028503,1.1278200149536133,1.0649093389511108,-0.539189338684082,0.4371953308582306,-1.7145355939865112,-0.92659592628479,-1.7620899677276611,-1.3264631032943726,-1.8177886009216309,0.2769748568534851,-1.5789281129837036,0.23341743648052216,-3.130615234375,-0.15475398302078247,1.546990990638733,0.32269012928009033,-2.6048097610473633,-0.3681923449039459,0.5681707859039307,-2.065281629562378,-0.6723604798316956,0.49416908621788025,0.09810556471347809,-0.9709506034851074,-1.6362104415893555,-1.331981897354126,-0.5181254148483276,-1.8190418481826782,-0.42055705189704895,0.07558288425207138,0.04036879539489746,-0.6719294786453247,0.6427441835403442,-1.2469459772109985,-0.40991824865341187,1.383785605430603,1.887847900390625,0.8484135866165161,-1.2531877756118774,1.5081173181533813,1.2428498268127441,-1.9177162647247314,1.2605644464492798,1.2713783979415894,-0.20488868653774261,0.5429559946060181,0.18894805014133453,0.9830407500267029,1.1156920194625854,-1.3816460371017456,0.6633331179618835,0.5691118240356445,1.3751583099365234,-1.2979665994644165,-2.1550724506378174,-0.292451947927475,-1.8235344886779785,-1.5881015062332153,-1.870070219039917,1.0911418199539185,0.9555792212486267,-0.20914117991924286,-0.2387816160917282,-0.607465922832489,-2.0852203369140625,2.7629151344299316,-0.01285035815089941,-1.2033380270004272,0.27291595935821533,-1.6748929023742676,1.5283433198928833,2.041790246963501,-0.8712426424026489,0.10327935218811035,-0.3961676061153412,1.4393810033798218,0.9036059975624084,0.13155993819236755,0.1650383621454239,-1.7962387800216675,-1.1545860767364502,1.140203833580017,1.2563034296035767,0.13548551499843597,-1.0163438320159912,3.2339866161346436,0.016760997474193573,-1.3949904441833496,-0.31989455223083496,0.12978871166706085,2.084181547164917,-0.3802604079246521,0.34502241015434265,0.3239758014678955,0.1458059847354889,-1.9666249752044678,0.5013010501861572,-1.4170308113098145,-1.8620585203170776,0.043685320764780045,-1.4847162961959839,1.5480074882507324,-1.2550336122512817,0.6649378538131714,0.6077263355255127,1.1060870885849,-2.1040499210357666,-0.33425474166870117,-0.113029345870018,0.47035717964172363,-1.7596259117126465,2.1307647228240967,0.5220385789871216,0.9896454215049744,-0.08015496283769608,2.824995994567871,-0.00795301515609026,-2.561645269393921,0.3934337794780731,-0.5757007598876953,-0.4771868586540222,-0.8765634894371033,1.2842867374420166,-0.0875333920121193,-0.970759391784668,-0.19720175862312317,2.335880994796753,-0.5611261129379272,0.5936506390571594,-0.24829545617103577,2.4468958377838135,-0.7325713038444519,-0.3886120319366455,-2.113274097442627,0.3281042277812958,-1.1904536485671997,0.9839682579040527,0.8735312223434448,2.3894903659820557,0.22087450325489044,-0.9561346769332886,1.7022041082382202,-0.6558964252471924,-1.7559354305267334,1.0857477188110352,-1.1524301767349243,0.8980339765548706,0.27461665868759155,0.8978957533836365,2.3087868690490723,-0.302860289812088,0.2849561274051666,0.34370407462120056,-1.24526846408844,-0.8558659553527832,0.42065131664276123,0.36253854632377625,-0.7356334328651428,-0.6131298542022705,2.3879222869873047,2.6909945011138916,-0.29626744985580444,0.9980753660202026,0.5741956233978271,-0.08454018086194992,0.27196764945983887,-1.0492650270462036,-0.5536803603172302,0.3619101345539093,0.12306898087263107,3.1762917041778564,1.1082206964492798,0.395004004240036,-1.222805380821228,0.49016210436820984,0.4721294939517975,0.5548176765441895,1.7619551420211792,2.4927260875701904,-0.8716065883636475,2.238199472427368,-1.3204268217086792,-0.612962007522583,0.3253993093967438,-0.7841558456420898,-0.7726437449455261,-0.5807258486747742,1.0189484357833862,-0.6918329000473022,-0.24172991514205933,-1.4573296308517456,0.28863173723220825,-0.1812085509300232,-0.5586158037185669,-1.6477879285812378,0.7777202725410461,2.4734914302825928,-1.9022741317749023,0.1194748803973198,-1.0446614027023315,-1.407126545906067,0.9622019529342651,1.106513261795044,-0.771697998046875,-0.06383240967988968,-1.1578713655471802,2.9799485206604004,1.0532253980636597,0.20619791746139526,-0.43190833926200867,1.0162190198898315,-1.598533272743225,2.7542784214019775,-0.9295567870140076,-0.03508521616458893,1.4378095865249634,-2.38250470161438,0.4060247242450714,-0.9505422711372375,-0.27893829345703125,0.9071735143661499,1.6197956800460815,-0.0064990222454071045,-0.21551935374736786,-1.2184299230575562,1.9597049951553345,1.4300216436386108,-1.2204508781433105,-2.0654165744781494,-2.3753035068511963,1.172864556312561,0.1987127661705017,-1.4529517889022827,1.9364798069000244,1.7503372430801392,-0.6327046751976013,-0.3732464909553528,1.0662868022918701,-0.3467504382133484,0.38241806626319885,-1.6359972953796387,-1.6889880895614624,-0.7899068593978882,1.5475692749023438,-1.536385178565979,1.0860133171081543,0.007389603648334742,-0.4699711799621582,1.402599811553955,-0.384385883808136,-0.15398433804512024,-2.3070406913757324,-1.2496426105499268,-3.0999419689178467,-0.9520766139030457,-0.5816100239753723,0.3133791983127594,-0.047037191689014435,2.394883632659912,-0.23999308049678802,-0.3390004634857178,1.5326145887374878,-0.21296952664852142,-0.558341920375824,0.5401548743247986,0.9159504771232605,0.5680807828903198,0.40273934602737427,1.6137771606445312,0.21255895495414734,2.0004799365997314,0.5901835560798645,0.5929477214813232,-0.13263674080371857,-2.126619577407837,1.244092583656311,-0.6279172897338867,-0.1856755018234253,-2.0524041652679443,2.3894309997558594,-0.6062902212142944,-1.2993590831756592,-1.1309378147125244,-0.2210274636745453,-2.0523428916931152
提高,0.5606556534767151,-3.8423032760620117,2.646167039871216,0.5571926236152649,-2.93207049369812,1.8675655126571655,-2.468663215637207,0.7133327126502991,-2.4225215911865234,0.17215031385421753,-2.326094150543213,-1.7603542804718018,0.13229034841060638,-1.9087367057800293,-2.8063840866088867,-2.6333160400390625,-0.493896484375,-2.0834367275238037,-3.4860610961914062,-0.3491751551628113,-1.8337202072143555,-2.000544548034668,0.658098042011261,-1.776750087738037,-0.2613579332828522,-0.7237526774406433,0.9133966565132141,-0.650476336479187,-1.6854684352874756,0.3403210937976837,1.23580002784729,-0.398922860622406,-1.489201307296753,0.9266443252563477,-3.1920528411865234,-0.6724451780319214,-1.7120482921600342,-1.806052327156067,-3.575352668762207,-1.2657564878463745,-1.550844669342041,-1.0172743797302246,-0.8865270614624023,0.05092872679233551,0.9215686917304993,0.024820687249302864,-0.6176455020904541,1.120654821395874,-0.9853105545043945,0.535047709941864,-0.1742202341556549,1.4653288125991821,1.9855891466140747,-0.8725595474243164,-0.9553295373916626,-0.8985418677330017,0.9132726192474365,3.0358102321624756,0.5134258270263672,-1.896718144416809,-0.8669496178627014,-0.6715514659881592,-1.0257108211517334,-0.2432149350643158,-1.8936275243759155,0.3569481670856476,0.43458667397499084,2.555804967880249,-0.029155632480978966,-2.4744973182678223,-0.4765731990337372,-0.665471613407135,-2.23565673828125,1.4705311059951782,0.43023914098739624,-3.0801138877868652,1.6143293380737305,1.839492917060852,0.5523695945739746,-1.607509732246399,-0.2572251558303833,2.0583395957946777,-1.167301893234253,-0.7804476022720337,-0.3263819217681885,1.613863468170166,1.3634337186813354,1.6944162845611572,0.8442609310150146,-0.47110429406166077,-1.6480830907821655,0.670939028263092,-0.34485557675361633,0.12329095602035522,0.17171725630760193,-0.5123591423034668,1.6210722923278809,3.1543452739715576,1.6620211601257324,-0.2701992988586426,2.656383991241455,-0.98921138048172,1.9436239004135132,0.3842603862285614,1.0701301097869873,2.8199799060821533,-0.3268417418003082,1.74504554271698,-2.4250035285949707,-0.7657578587532043,-1.6985708475112915,0.05871438607573509,-0.7779207229614258,-2.6447482109069824,-0.18838165700435638,-0.8674865365028381,0.6750345230102539,-0.10629133880138397,-2.2119510173797607,0.08581123501062393,-0.021234620362520218,-3.2639362812042236,-0.1821189671754837,1.7297002077102661,1.0597141981124878,0.13364112377166748,0.03411339223384857,0.9468415379524231,1.714611291885376,0.7487707734107971,1.941394567489624,1.0794942378997803,-0.4679584801197052,0.7717195153236389,0.842863142490387,-1.5323446989059448,-0.42457401752471924,2.0529580116271973,0.5887556672096252,-0.7778292298316956,-1.2793852090835571,0.1590348333120346,-1.2559146881103516,-1.2174460887908936,1.0023702383041382,-1.3335423469543457,-3.6097030639648438,0.6782743334770203,0.6995067596435547,1.4069691896438599,1.1806937456130981,0.8991587162017822,0.7133851647377014,1.8337738513946533,0.06706937402486801,-1.2391858100891113,0.07600733637809753,1.708310604095459,0.4980587661266327,-1.0014833211898804,-1.853518009185791,-0.06305715441703796,1.6974833011627197,-0.9675912261009216,2.3446457386016846,1.7485285997390747,1.385730504989624,-1.0755594968795776,0.09928259998559952,1.3423314094543457,-0.7293445467948914,-0.039705146104097366,0.6732938885688782,0.4874765872955322,1.8732781410217285,0.7169540524482727,-0.318717896938324,-0.28564751148223877,0.7084599733352661,0.5296096205711365,-0.8556824326515198,0.9803396463394165,-0.33256858587265015,-0.661716639995575,0.09558995068073273,2.0784072875976562,-2.528015375137329,0.8554151654243469,1.5266422033309937,-2.2321181297302246,-3.0321576595306396,-1.9717552661895752,-0.7141837477684021,0.26094862818717957,1.2615069150924683,-0.3671703338623047,-0.9535911679267883,0.28522735834121704,1.1283397674560547,0.3052200376987457,-0.3271511197090149,-2.132906913757324,2.650571346282959,0.12671568989753723,1.2683464288711548,-0.17856474220752716,0.2107793241739273,0.18800503015518188,0.6099237203598022,-1.5259029865264893,-0.7864339351654053,-0.6386075019836426,-2.439749240875244,-0.6619229316711426,-0.600509524345398,0.9822744727134705,0.2565871775150299,2.150404214859009,-1.1477800607681274,0.25080475211143494,-0.4307665526866913,0.36036691069602966,2.6147348880767822,1.6892811059951782,-1.3457205295562744,-2.3895275592803955,3.2035040855407715,-1.1382988691329956,-2.2017760276794434,-0.012637513689696789,2.218618631362915,0.13037090003490448,1.645514726638794,0.11511816084384918,-1.7224876880645752,-0.19215236604213715,0.11089018732309341,0.14611203968524933,0.34519514441490173,-0.18738193809986115,-0.8783003091812134,-0.4734368920326233,-1.7257139682769775,-1.4360071420669556,-2.214264154434204,-2.122243642807007,-0.5300177335739136,-0.818202018737793,-0.20248255133628845,-1.5253331661224365,-4.377539157867432,-0.5168567895889282,1.3652607202529907,-0.4543938636779785,-0.007869256660342216,1.141274333000183,-1.5297139883041382,-0.8435379266738892,-0.8788678050041199,-1.0518643856048584,0.6097812056541443,-2.6963388919830322,-0.5682778358459473,-0.17113156616687775,1.0258153676986694,2.917158603668213,-1.9312864542007446,-1.004889965057373,-1.607143759727478,0.15141595900058746,-0.12288995087146759,-1.5432008504867554,-1.7074025869369507,0.9425843954086304,-0.7953763604164124,0.6108826398849487,-0.5572659373283386,2.0888586044311523,1.6839882135391235,1.2109514474868774,-0.3794712424278259,1.841335654258728,-0.3871568441390991,1.302799105644226,-0.546737790107727,0.38661670684814453,-2.0502986907958984,0.469356894493103,-1.5958398580551147,-1.1266672611236572,-0.5992687344551086,-1.8618872165679932,0.07868561893701553,2.205375909805298,-1.1818008422851562,-0.537799596786499,0.002890166360884905,0.12279266119003296,-0.20967048406600952,-2.1227869987487793
实际,0.33861497044563293,0.26988041400909424,-0.769175112247467,-1.2904717922210693,0.8478363752365112,-0.2623805105686188,-1.5300025939941406,0.8431639671325684,0.44763800501823425,0.6904405355453491,-1.5084697008132935,-1.5321370363235474,0.539489209651947,-0.9835386276245117,-1.6839343309402466,-0.7465537190437317,0.1512986570596695,0.960259199142456,-1.3725935220718384,-0.513362467288971,0.6310425996780396,-1.4634556770324707,0.18422876298427582,0.02915404736995697,0.7295846343040466,-0.17991457879543304,1.9326815605163574,-1.8688267469406128,0.9988721013069153,1.8467411994934082,0.3925251066684723,-1.1320244073867798,-1.8871222734451294,-0.11017175763845444,-1.0779668092727661,0.07855627685785294,0.0635867640376091,-1.8320860862731934,0.15002815425395966,0.12463795393705368,1.2287216186523438,0.8081403970718384,-0.6839439868927002,-0.6443937420845032,0.38034987449645996,0.7162882685661316,0.08442577719688416,-0.049389950931072235,-0.32275673747062683,0.5910893082618713,1.1258236169815063,-1.0296366214752197,1.7306922674179077,0.5419106483459473,-0.9144876599311829,-0.05234065279364586,-0.720974326133728,0.27890411019325256,1.0182063579559326,1.6213750839233398,0.623013436794281,2.3723409175872803,-0.014795886352658272,1.860014796257019,-0.7611677050590515,0.1692393273115158,0.4767621159553528,1.5311342477798462,-0.7144458293914795,0.26122933626174927,0.9800790548324585,1.0214958190917969,1.16965651512146,-0.13742375373840332,-1.9747579097747803,-0.39237210154533386,-0.1875559538602829,1.3150389194488525,-0.9862499237060547,2.276336669921875,0.7602749466896057,1.5562137365341187,-0.9397999048233032,0.2799728810787201,1.3038395643234253,0.36203277111053467,-0.2503400444984436,-0.46852320432662964,1.0236010551452637,-0.14197443425655365,-0.2734817862510681,0.8097126483917236,0.7205923199653625,-0.7591334581375122,-1.176864743232727,0.9895740747451782,0.7109728455543518,-0.40579238533973694,0.8375933170318604,-1.0342265367507935,-0.1572805494070053,-1.6878652572631836,-0.7752479314804077,0.4231371283531189,0.2017386555671692,0.935247540473938,0.9608039259910583,-0.17397229373455048,-1.9900645017623901,-2.0663914680480957,1.0801517963409424,0.6160844564437866,-0.6529220938682556,0.005850512068718672,-0.055367361754179,-0.8606218099594116,1.4930148124694824,0.15121950209140778,-0.19656601548194885,-0.12420608103275299,0.3532722294330597,-0.8077086806297302,-0.6644676327705383,2.653014659881592,-2.783043384552002,-0.11887791007757187,1.240869164466858,-0.378767192363739,-1.1969777345657349,-0.6591370105743408,0.9070609211921692,-0.38615378737449646,0.7409138083457947,2.2778332233428955,0.046096742153167725,-1.056639313697815,1.917466640472412,1.9342036247253418,1.8407045602798462,-2.2119925022125244,-1.3400671482086182,-0.21103239059448242,-0.9019199013710022,-2.0930075645446777,1.8558564186096191,1.0606601238250732,-0.025163015350699425,-0.4739949405193329,0.6404486298561096,-0.22028224170207977,1.7333812713623047,-0.5297040343284607,-1.8585020303726196,2.3272101879119873,-0.0014897751389071345,-1.8611090183258057,1.4898228645324707,-0.7057453989982605,-1.0821082592010498,-1.375104546546936,-1.438390851020813,0.7479817867279053,-0.25080376863479614,-0.3644420802593231,1.7226593494415283,-0.357067346572876,0.7837867736816406,0.8381020426750183,-0.16510191559791565,1.211594820022583,-0.23094452917575836,0.2091156244277954,1.2386714220046997,-0.231342613697052,1.3927656412124634,0.5649985671043396,0.819999098777771,0.34200072288513184,-1.7566317319869995,0.7989601492881775,0.2395898848772049,-2.115976333618164,-1.363449215888977,0.4343423843383789,1.0419626235961914,1.7248568534851074,-2.8288650512695312,2.0941689014434814,-0.31834396719932556,-0.7575342655181885,0.8667572140693665,-0.596246600151062,0.5818296074867249,1.3456934690475464,-0.006571198347955942,-0.788241446018219,2.0121333599090576,-1.550433874130249,1.0307068824768066,-1.0702195167541504,1.2982356548309326,-0.7509073615074158,0.705440878868103,0.22698375582695007,-0.7646071314811707,0.4647020697593689,-0.14432555437088013,0.9194511771202087,-0.12075091898441315,1.3517168760299683,-0.26828116178512573,-0.6058826446533203,-0.5405840873718262,-0.20291109383106232,-1.5247341394424438,-0.5607978105545044,-0.7699612975120544,0.08020906895399094,-1.3056687116622925,0.6827621459960938,-0.367382287979126,0.1604180783033371,2.5113980770111084,-0.9515902400016785,-0.04293970391154289,-1.9600803852081299,0.29500773549079895,0.8943781852722168,0.3797142803668976,0.21316410601139069,1.7035870552062988,-1.173241138458252,0.8081748485565186,0.2808524966239929,-0.5790403485298157,-0.6535902619361877,1.770014762878418,-0.09816325455904007,1.6377781629562378,0.8517873287200928,0.38009801506996155,-1.1771752834320068,0.40733975172042847,0.41993236541748047,-1.81327223777771,0.056235212832689285,-0.2886628806591034,0.5910704135894775,-1.4160665273666382,-0.6239235401153564,-0.870118260383606,1.3032387495040894,0.4697980582714081,-0.29166531562805176,-2.4441428184509277,0.6468600034713745,-2.4156863689422607,-1.295981526374817,0.8555558919906616,0.011881847865879536,-0.863041877746582,0.29848551750183105,0.7932584285736084,1.97098970413208,1.101192593574524,-1.0658692121505737,-0.3758522868156433,-1.153415560722351,-0.43096593022346497,-1.5904266834259033,0.4738582372665405,-0.7559342384338379,0.10557203739881516,1.8102638721466064,-0.3164488971233368,0.11056771874427795,0.9831282496452332,-0.5417324900627136,1.173828363418579,-1.6496518850326538,0.8053653836250305,0.3087441623210907,-1.4369791746139526,0.8671925663948059,1.9438945055007935,1.1191134452819824,0.06601276248693466,1.3974159955978394,0.2446395456790924,-1.45491361618042,0.10558895766735077,0.6142828464508057,0.7024121284484863,-0.12965528666973114,0.13645532727241516,2.5059759616851807,1.4258638620376587,0.8502143621444702,-0.5410361886024475,-1.5106786489486694
研究,1.1707528829574585,-0.017582595348358154,1.4981728792190552,0.7267642617225647,-2.050907850265503,1.3461499214172363,-0.12534575164318085,0.14951637387275696,0.5100461840629578,1.8069806098937988,-1.4180009365081787,-0.9286289215087891,0.4457751512527466,1.1596477031707764,-1.1173408031463623,0.3931479752063751,0.06797420233488083,1.8304394483566284,-1.8106087446212769,-1.137588620185852,1.1538625955581665,0.432451993227005,1.2453852891921997,-0.3813837468624115,-1.809439778327942,-1.2848848104476929,1.044218897819519,-2.657996892929077,-0.49638503789901733,1.6346663236618042,-1.6263808012008667,1.105414628982544,-2.61574125289917,-0.0679025650024414,0.1880117505788803,-1.0918364524841309,-1.1260952949523926,0.3096686005592346,-0.5849873423576355,0.06460787355899811,-0.06352902948856354,-0.3321419656276703,1.6114848852157593,1.630059838294983,0.8437423706054688,-0.4989011585712433,1.8646061420440674,-0.9796715974807739,-0.7834312319755554,-1.9428869485855103,-0.904790461063385,1.1331696510314941,-0.8377891182899475,-0.7197632193565369,-1.683301568031311,-1.2694884538650513,-0.3198871612548828,0.336291640996933,2.279167413711548,-0.5384427309036255,2.3964738845825195,2.153566360473633,0.5025184750556946,1.157884120941162,-1.9226243495941162,-0.38958218693733215,0.860925018787384,3.2470109462738037,-1.15044367313385,-0.0783788412809372,-0.661212682723999,-1.033051609992981,0.2795100212097168,2.035008430480957,1.9760795831680298,0.2595677077770233,2.16910719871521,0.933844804763794,1.1184706687927246,-0.7523835897445679,-0.12926259636878967,-0.40749743580818176,2.077902317047119,-1.501351237297058,-3.64927339553833,2.5775671005249023,0.7240853905677795,0.7561544179916382,-0.2190110683441162,0.594144880771637,0.4299728274345398,1.4254136085510254,0.23358771204948425,-2.331488609313965,-0.6206626892089844,1.0780407190322876,-3.0265376567840576,0.3417049050331116,-2.481189489364624,0.23324349522590637,2.386768102645874,-1.03618323802948,0.3195490539073944,1.1212960481643677,-1.5238699913024902,-0.5936955213546753,-0.008200551383197308,-0.29305821657180786,1.0991127490997314,0.02104334533214569,0.27446070313453674,-0.7400232553482056,2.0271339416503906,1.3278034925460815,-2.946329116821289,-1.0176725387573242,-0.2282014936208725,0.38153257966041565,-0.3248240649700165,1.7764506340026855,3.523932456970215,-0.8562039136886597,0.9296899437904358,1.0073699951171875,1.5693652629852295,0.9143915176391602,0.39240652322769165,2.0841119289398193,0.21112222969532013,0.7871488928794861,-1.8092687129974365,-0.18403738737106323,-1.2240779399871826,-1.526968002319336,-1.924708604812622,-2.451979160308838,0.0948072001338005,1.0519698858261108,1.5993564128875732,-1.9911847114562988,-2.914875030517578,-1.6433069705963135,1.5154681205749512,-0.4331972599029541,1.3056541681289673,-0.7234763503074646,-2.0116569995880127,-1.2248713970184326,0.6583295464515686,-0.5162792205810547,0.9799529314041138,1.9581656455993652,-2.2202889919281006,1.4407860040664673,-1.7410781383514404,-0.3108358681201935,0.2651537358760834,1.2954453229904175,-0.5057670474052429,-2.059157371520996,0.07087929546833038,0.21070213615894318,-0.009648052044212818,-0.8842906951904297,-1.5595357418060303,-0.3046891689300537,1.947055459022522,0.8191507458686829,3.964463710784912,0.5052099823951721,-1.4206223487854004,0.6742632389068604,0.3559799790382385,0.31231218576431274,-1.513148307800293,3.564537286758423,0.5140045881271362,-1.133081078529358,-1.2165559530258179,-0.9413284063339233,-0.6704586148262024,-2.112273693084717,1.6886652708053589,-1.6610573530197144,0.32143059372901917,1.1563979387283325,-0.6836725473403931,-0.1837349832057953,-1.6917779445648193,-2.518193006515503,-0.3065166473388672,-1.2276570796966553,-0.38245803117752075,-0.5212071537971497,0.580183744430542,-1.8523924350738525,2.916729688644409,-0.3524168133735657,-1.9827337265014648,-1.4775642156600952,-0.36844420433044434,0.3125150203704834,-2.6752333641052246,-0.7900112271308899,0.03388155624270439,-2.590313673019409,-1.8731852769851685,1.8811583518981934,-1.630522608757019,0.5147988796234131,0.10451836884021759,-1.4346994161605835,-1.7988077402114868,-0.6372986435890198,0.6999772191047668,0.1667245626449585,0.9492400884628296,0.4114791750907898,-2.037450075149536,0.6620410680770874,0.4384104609489441,0.5576159358024597,-0.46303391456604004,1.159981369972229,-1.013745903968811,0.5440890192985535,0.9490199089050293,0.543706476688385,2.7927849292755127,-0.7207114696502686,-1.334243893623352,0.7196123003959656,2.60370135307312,2.32287859916687,0.282423734664917,-2.860464096069336,0.23321372270584106,-1.0519416332244873,0.30546197295188904,0.7572547793388367,2.810513973236084,5.201168537139893,1.081756591796875,0.5819802284240723,-1.6354200839996338,-1.0569868087768555,1.3210484981536865,-1.4252028465270996,0.36886242032051086,0.3524848520755768,-3.265441656112671,1.2080926895141602,-0.572330117225647,-1.0605456829071045,0.017189068719744682,-0.9243690967559814,-1.4719318151474,0.542159914970398,-2.2586379051208496,-2.4668691158294678,-1.7056490182876587,-0.43354496359825134,-0.5729410648345947,1.3341596126556396,1.3075069189071655,0.28190484642982483,-1.5066726207733154,0.947509229183197,-2.3338541984558105,-1.303778886795044,-0.09828648716211319,-2.1896514892578125,1.0802000761032104,0.9305301904678345,-2.2636399269104004,-1.2932069301605225,0.28567177057266235,2.7681429386138916,-1.0127782821655273,0.006900646258145571,-0.02186281606554985,2.5265398025512695,-3.889617919921875,0.4305219352245331,-3.340660572052002,-0.00483723497018218,1.198380947113037,0.9173918962478638,-2.6344306468963623,-2.002652883529663,0.32886603474617004,-1.03305184841156,0.4601229727268219,-0.40033578872680664,0.08260291814804077,-1.7526346445083618,0.20172135531902313,0.7490473985671997,-2.309307098388672,0.4960382580757141
容易,0.4423886835575104,-1.2104169130325317,-0.5168085098266602,-2.1905462741851807,-0.3025032877922058,-0.7506490349769592,0.3915685713291168,-2.1444554328918457,2.8970725536346436,-3.5272367000579834,-1.5974621772766113,-0.14605484902858734,0.45719045400619507,-0.48376214504241943,-0.3021695613861084,-1.2091543674468994,1.732048749923706,0.6038323640823364,-0.038621846586465836,1.1025311946868896,-2.3546931743621826,-2.1987972259521484,0.6233612298965454,-1.6746975183486938,-2.554943799972534,-0.3758241534233093,1.9334337711334229,-1.827467918395996,-0.15348392724990845,0.7145172953605652,0.32538700103759766,-1.8014391660690308,-0.6980536580085754,-2.2321362495422363,1.2138373851776123,-1.2743169069290161,-1.7462128400802612,-3.0003163814544678,0.6268180012702942,-0.007830853573977947,-1.0049269199371338,-0.8965976238250732,-0.4482165575027466,-0.4148973822593689,0.2785595655441284,3.0339441299438477,0.6249968409538269,0.8166759014129639,-1.4428600072860718,2.7925455570220947,0.6352380514144897,1.4940096139907837,1.819930076599121,-1.5704641342163086,-0.8725414276123047,2.3938071727752686,-2.113370656967163,2.1701748371124268,1.7272045612335205,0.11182624101638794,-1.5594998598098755,1.9966837167739868,-1.79510498046875,1.1194403171539307,-2.135425090789795,2.702219009399414,1.3071012496948242,1.107707142829895,-0.7822666764259338,-1.0489684343338013,-0.10919318348169327,2.556764841079712,-1.5506337881088257,-2.524446964263916,1.5917954444885254,1.2772305011749268,-0.3519459664821625,2.651076078414917,-1.0891540050506592,-1.2811955213546753,1.8748277425765991,-0.651044487953186,-1.0591790676116943,-0.8147932887077332,-1.3722578287124634,-1.9760127067565918,1.6158955097198486,-0.46294689178466797,-1.5120760202407837,0.7965891361236572,-1.7370730638504028,-0.6785004734992981,0.7438771724700928,-0.07557512819766998,-0.2361988127231598,-1.47409188747406,1.3073455095291138,-0.13108865916728973,1.1396468877792358,1.1939250230789185,3.185089111328125,-2.52953839302063,1.0571428537368774,-0.7200385332107544,0.259655624628067,1.1890922784805298,-0.6042888760566711,-0.30384913086891174,-0.3308025896549225,-0.7878690361976624,0.4272650480270386,1.2308326959609985,-2.0009071826934814,-0.5324851870536804,0.6474054455757141,-1.7740365266799927,0.41760408878326416,1.309565782546997,-1.6558407545089722,-1.9456782341003418,0.5533033609390259,-0.3784691393375397,-1.2062268257141113,0.8324055671691895,-1.4710074663162231,0.04828974977135658,1.3801016807556152,-0.08389396965503693,2.1001460552215576,0.5441820621490479,0.9690786004066467,2.4415197372436523,0.9276242852210999,-0.07353803515434265,-0.14831607043743134,-0.3638080954551697,0.35477790236473083,0.39883172512054443,-1.698288083076477,0.023959988728165627,0.19140270352363586,1.6166648864746094,-2.24409818649292,1.6595020294189453,2.6101741790771484,2.2103545665740967,-0.09479030221700668,-1.4812861680984497,-1.7293509244918823,1.376267433166504,-1.5033996105194092,-0.9275361895561218,-1.5826553106307983,2.1524932384490967,0.7415202260017395,-1.3420413732528687,-0.5404635667800903,-0.3292126953601837,-1.763404130935669,1.600728988647461,-0.985209584236145,-0.7029431462287903,-1.224670648574829,0.20526422560214996,2.378354072570801,-2.1879537105560303,-1.803030014038086,0.3765290677547455,0.17663684487342834,0.3396795988082886,-0.8735750317573547,1.0223312377929688,1.719469428062439,0.092570461332798,0.3133033812046051,0.7859759330749512,0.7858314514160156,-0.025315826758742332,0.9361615180969238,1.989008903503418,-0.9329027533531189,-1.847238302230835,-1.8817152976989746,1.4294883012771606,1.692716121673584,1.218413233757019,0.393625408411026,0.06930676102638245,-0.5251021981239319,-0.1720728874206543,0.04411803558468819,0.13982027769088745,1.0035476684570312,-0.17958706617355347,3.277507781982422,3.2721266746520996,1.0716297626495361,0.5592198371887207,-0.7019917964935303,2.578599452972412,-2.462479829788208,-0.5647754669189453,-1.007138967514038,-0.4561699330806732,1.8726862668991089,-0.7863544821739197,-0.2297525554895401,-1.808219313621521,-0.5272393822669983,-2.1857149600982666,1.1143343448638916,0.4524998366832733,-0.5539703965187073,2.9476277828216553,-0.31273800134658813,-1.377575397491455,0.9984797239303589,1.7695859670639038,1.9316977262496948,1.5920721292495728,0.06633400171995163,0.8562954068183899,-1.18858003616333,-0.9695271849632263,1.0849250555038452,-0.9704306125640869,-1.8820909261703491,2.2779641151428223,-1.4824861288070679,2.0074548721313477,0.5228961110115051,0.8868381381034851,1.2226940393447876,-0.11662986874580383,-0.7556314468383789,-2.500506639480591,-0.2933080494403839,0.17735238373279572,-0.5126382112503052,-1.87726628780365,0.6329969763755798,1.706487774848938,1.0284725427627563,1.504699945449829,-1.5266625881195068,0.05064043030142784,0.006063815671950579,-0.6509913206100464,-0.13883790373802185,-1.0523418188095093,0.5181398391723633,1.3044548034667969,1.1364651918411255,1.314540147781372,0.3600919842720032,-0.11249806731939316,-3.707414388656616,-2.6206774711608887,2.2858901023864746,-1.3156044483184814,0.26254624128341675,-0.8186345100402832,0.42415449023246765,1.6543081998825073,2.6349833011627197,-2.5174598693847656,-1.9910427331924438,0.8698992133140564,-0.7269604206085205,-1.0786755084991455,1.0306991338729858,-0.8275752067565918,-1.7908328771591187,0.9021750092506409,-2.8553285598754883,-0.014725731685757637,0.6836565136909485,-0.06663861125707626,1.4100348949432373,0.9266642928123474,2.1117680072784424,0.6055544018745422,-0.9227607846260071,3.21805739402771,-0.32295939326286316,-0.4843406081199646,2.23180890083313,-1.9964975118637085,1.1642011404037476,-1.9492106437683105,0.06311318278312683,-0.861630380153656,-0.9828717112541199,0.2780577540397644,0.8829459547996521,2.1336045265197754,2.3796536922454834,-1.3774558305740356,-3.0427942276000977,-0.29940247535705566
能力,1.9949111938476562,1.2371826171875,-0.16443195939064026,-0.6462100744247437,2.686920404434204,-0.8462902903556824,0.550393283367157,1.1195690631866455,1.9303184747695923,-1.3853281736373901,0.4043847322463989,0.2520122230052948,-1.2513757944107056,-0.04738519713282585,-1.8984936475753784,0.5306602120399475,2.0559940338134766,-0.7728568315505981,-1.8754096031188965,-1.0778088569641113,-1.8942177295684814,-1.7470424175262451,1.8333619832992554,-2.0392556190490723,0.5551703572273254,1.0373111963272095,1.2610702514648438,-2.867399215698242,-0.4933156371116638,2.5827953815460205,0.18080954253673553,-0.191322460770607,-2.162785291671753,0.27613940834999084,-0.5208629965782166,0.7090630531311035,-0.8080106377601624,-1.5146468877792358,-0.16042408347129822,-0.8997523784637451,-0.4441455900669098,0.1495884358882904,-0.5415963530540466,-1.2198753356933594,0.5564845204353333,1.6108938455581665,2.117076873779297,1.734860897064209,-1.9080713987350464,0.4290344715118408,1.6454240083694458,0.4139472246170044,-0.023330383002758026,-2.3968594074249268,-1.6526273488998413,-0.3806661367416382,-2.117182493209839,1.9345511198043823,0.21696361899375916,-1.211477518081665,1.7589633464813232,-0.496728777885437,-0.32938283681869507,-0.7192378640174866,-1.6893893480300903,1.2944438457489014,-0.9475305676460266,0.8488761186599731,-0.1662498563528061,-3.0001659393310547,-0.3433738946914673,-0.4793318808078766,-1.9201253652572632,0.718184232711792,-0.8844130635261536,-0.13793912529945374,2.8299355506896973,0.5618049502372742,-0.8017750978469849,1.1846774816513062,0.6044145226478577,-1.3212227821350098,-1.6510828733444214,1.458777666091919,0.04786493256688118,-0.7607913017272949,2.6734440326690674,-1.0077283382415771,-2.830569267272949,-0.14231523871421814,-1.3691293001174927,0.42557159066200256,0.6796433329582214,-0.27027180790901184,-1.7319879531860352,0.07586299628019333,3.346102237701416,-2.318146228790283,1.6091960668563843,-0.287554532289505,2.5655598640441895,-1.019171118736267,-0.5359658598899841,-1.7148091793060303,1.4052637815475464,0.9883632063865662,-0.26410162448883057,0.5463542342185974,-1.2545945644378662,0.8328633904457092,-0.05852701887488365,-2.247241735458374,-2.6534297466278076,-1.9163352251052856,1.095571756362915,1.4244842529296875,0.18739347159862518,-2.5988576412200928,-0.9996873736381531,1.273875117301941,0.017080938443541527,0.04764188453555107,-1.4921455383300781,0.03896750137209892,-1.2789020538330078,-0.9093958735466003,0.7035588026046753,2.7047781944274902,-0.48618850111961365,-1.5927464962005615,-0.37479516863822937,-0.3173971474170685,1.8718299865722656,0.413382887840271,-1.7855947017669678,-2.0502679347991943,1.0805379152297974,0.6622529625892639,0.113313689827919,0.00965663231909275,-0.45947131514549255,1.0001416206359863,-1.339471459388733,0.7337899208068848,2.4677932262420654,0.3763345181941986,-0.46213290095329285,-0.7786980271339417,1.4777401685714722,-2.380023717880249,-0.30427268147468567,-1.3316011428833008,-1.7911944389343262,1.822760820388794,0.9321897625923157,-1.864638328552246,1.4441758394241333,2.5995774269104004,-0.41707155108451843,-0.6913586258888245,0.7987706661224365,1.1344865560531616,1.3846436738967896,-0.46198830008506775,2.067065715789795,-0.09643056243658066,0.22721634805202484,0.9253780245780945,1.9072701930999756,1.2702088356018066,-0.9035906195640564,-0.1346515417098999,-0.7761898636817932,1.4885162115097046,1.2195804119110107,0.6033486127853394,1.3729444742202759,-2.752276659011841,-0.5114755034446716,0.5436058044433594,-0.659916341304779,1.587100625038147,-0.7009310126304626,-1.5834144353866577,-0.09439721703529358,0.9538280367851257,-0.22683286666870117,1.5353463888168335,-0.5157700777053833,1.136017084121704,0.0016654751962050796,-0.07598602026700974,-0.2512983977794647,3.88366436958313,0.5010209083557129,0.31503042578697205,0.7651417851448059,0.39264777302742004,0.16817328333854675,3.925974130630493,-0.6719104051589966,-0.2830853760242462,3.2045552730560303,-1.4895390272140503,-1.784673810005188,-2.0494375228881836,-1.0843740701675415,1.014038324356079,0.486456960439682,-0.2915399968624115,-0.7717766761779785,0.16917726397514343,-1.8717845678329468,0.28749778866767883,-2.808908462524414,-1.7502225637435913,2.018265724182129,-0.15798528492450714,-1.0181620121002197,-1.8259941339492798,1.7799533605575562,-0.053551074117422104,-0.7474136352539062,0.024921314790844917,2.2206804752349854,-0.4719604253768921,-0.8191248774528503,1.5324288606643677,-1.1448020935058594,2.0066940784454346,1.4566625356674194,-0.7719027996063232,1.6542340517044067,-0.26767846941947937,-0.1472177654504776,-1.8698112964630127,3.161745071411133,-0.6542574167251587,-0.6904152631759644,1.4645081758499146,2.497004985809326,-0.7814129590988159,-2.377303123474121,2.3895978927612305,-1.1606673002243042,-0.25285181403160095,-2.2885243892669678,-0.9498828649520874,-2.0564370155334473,-1.007667064666748,-0.9378462433815002,1.0342447757720947,-0.7258966565132141,0.8614540100097656,-1.7448606491088867,-1.3899660110473633,-3.3202362060546875,-0.3138402998447418,2.3636083602905273,-1.5241984128952026,-1.074181079864502,0.9302598834037781,0.29551786184310913,-0.43779757618904114,-0.2803591787815094,-0.0899098739027977,-1.8960398435592651,0.2722933292388916,-0.9929175972938538,1.0474662780761719,3.0615124702453613,-1.5685138702392578,-1.131571888923645,0.8039087653160095,-1.5561034679412842,0.24787434935569763,0.588638186454773,0.8205850124359131,1.848830223083496,0.4950960576534271,2.601625442504883,1.0894869565963745,-0.6263293623924255,1.8290704488754272,-1.678652286529541,-0.07784484326839447,2.4220528602600098,0.9600619673728943,-1.2053219079971313,-2.692884683609009,-1.8672910928726196,-0.18535327911376953,0.9253133535385132,-0.3786781430244446,0.7537554502487183,-0.13121812045574188,0.44408300518989563,0.6607673168182373,0.628777265548706,-4.242366790771484
教师,0.983036458492279,-0.09769873321056366,1.0317436456680298,0.4405258595943451,1.5562183856964111,-0.1734606921672821,-2.121273994445801,1.268796682357788,0.15665128827095032,0.243038609623909,-1.54805326461792,0.8127878904342651,-0.5299315452575684,2.4889869689941406,0.07598748058080673,0.42333728075027466,1.019214153289795,-0.09358993917703629,-1.0349565744400024,-1.38720703125,1.3748270273208618,1.1708978414535522,-0.3830312192440033,0.615041196346283,0.4878726899623871,1.1751917600631714,1.5309208631515503,0.3243541717529297,-0.23322847485542297,-1.359938621520996,-1.9506500959396362,0.3331141173839569,-0.5941529870033264,-1.2839527130126953,-1.6355278491973877,1.4366123676300049,-2.0421156883239746,-0.4699276089668274,0.3196535110473633,-1.2932541370391846,-1.0037144422531128,-1.70998215675354,-1.6483529806137085,1.6390517950057983,-0.24520468711853027,-1.4646532535552979,-1.0776736736297607,-0.8975797295570374,1.045239806175232,0.7480148077011108,1.5289057493209839,0.22216519713401794,-0.8003891706466675,-1.1152549982070923,1.0806162357330322,-0.01261044666171074,-1.5852835178375244,1.2750321626663208,0.9209973812103271,0.4473600685596466,0.6926442384719849,0.7512050271034241,1.0839787721633911,-1.0980124473571777,-2.1908633708953857,1.819252371788025,-0.970096230506897,1.0727994441986084,-0.6820266842842102,-0.6595280766487122,0.2387237548828125,1.7914552688598633,-0.015960345044732094,-1.5338953733444214,0.8634594678878784,-0.11457081139087677,0.7857584357261658,-1.747740387916565,-1.1658011674880981,-1.905524492263794,-1.1373003721237183,-1.2131839990615845,-3.1507232189178467,-0.16565124690532684,0.275971919298172,-2.4608490467071533,1.6997201442718506,-3.040571928024292,0.5627748370170593,0.8643012642860413,-0.0026528623420745134,0.7645893692970276,-0.1084122434258461,0.5698093771934509,-2.4536399841308594,0.4948223829269409,1.4487982988357544,0.5938871502876282,-3.275489330291748,-0.1924835443496704,-0.045356061309576035,1.3980944156646729,0.21597152948379517,0.08783100545406342,0.1602468639612198,-0.2639218866825104,-0.5309149026870728,2.032104253768921,0.17927172780036926,0.19653965532779694,0.7408664226531982,-0.9874885082244873,3.17722225189209,-2.368612289428711,1.3573256731033325,0.06752856820821762,1.90007483959198,-0.869566023349762,-0.17712481319904327,0.8616383075714111,0.5648230910301208,0.7194623947143555,-0.05641913041472435,0.918727457523346,2.4858551025390625,1.278275489807129,1.408871054649353,-0.15003369748592377,1.1291776895523071,0.78328937292099,0.36602556705474854,-0.9207626581192017,1.4261153936386108,-0.921407163143158,-2.8556206226348877,-0.6572598814964294,-3.362478256225586,0.4002835750579834,1.368393898010254,-0.475761353969574,-2.98210072517395,-0.8039680123329163,1.5354554653167725,-0.5983259081840515,2.6605732440948486,0.8270776867866516,-1.0802884101867676,0.03754010424017906,1.1119458675384521,-0.18879017233848572,1.6178239583969116,0.5813473463058472,-0.22128212451934814,0.639100193977356,-0.9781016111373901,-1.5402052402496338,1.2231446504592896,2.414341449737549,-0.7582791447639465,0.34727564454078674,-2.6819677352905273,-0.06377013772726059,-0.29551950097084045,-0.15211443603038788,-1.1009438037872314,1.0138331651687622,0.6886482834815979,1.8918399810791016,1.155158281326294,0.3079240024089813,-0.2692905366420746,0.9617610573768616,-0.038635630160570145,0.3261348605155945,1.2066038846969604,2.7139832973480225,-0.1551285982131958,-3.952366590499878,0.7025975584983826,-1.4795191287994385,1.7581840753555298,-0.2884599566459656,-0.8115026950836182,0.29169002175331116,-2.059002161026001,-0.6221843361854553,-1.1127928495407104,0.07694774866104126,-1.5861319303512573,0.3172643482685089,-0.3890882432460785,1.2965505123138428,-0.17871056497097015,0.5969551205635071,-0.06352949887514114,-1.0030503273010254,1.300584316253662,0.31219834089279175,1.2563339471817017,-0.509416401386261,0.9652253985404968,1.1020817756652832,0.9140408635139465,-0.21619080007076263,0.40908557176589966,0.8858105540275574,1.0864225625991821,1.3915140628814697,-0.6644102931022644,0.4966030716896057,1.123051643371582,-0.27842190861701965,-0.27427908778190613,0.14802749454975128,0.626081109046936,0.20693424344062805,1.1123781204223633,1.8593370914459229,0.4968527853488922,0.9715550541877747,-0.5948977470397949,0.3625771999359131,1.0253410339355469,-1.9830636978149414,1.0592118501663208,1.2736960649490356,-0.7157928943634033,1.6159695386886597,0.8952414393424988,2.1182992458343506,-1.9071464538574219,-0.3990967869758606,1.781450629234314,1.1364166736602783,0.33724385499954224,-1.2035696506500244,0.9094113111495972,0.74073725938797,1.175758719444275,-0.8063780665397644,-1.02962327003479,1.084811806678772,-0.38103437423706055,0.3255498707294464,1.169419765472412,-1.4833647012710571,-0.786960780620575,0.895603597164154,-1.330678105354309,-0.10669716447591782,-0.9133998155593872,0.44123736023902893,1.351662278175354,0.7943258285522461,0.47098055481910706,0.19116906821727753,0.5275191068649292,1.3360058069229126,0.9039682745933533,-0.5610801577568054,-0.16037413477897644,-0.224093496799469,0.22496990859508514,-1.3133366107940674,-1.4399751424789429,-0.3022005558013916,0.8995559215545654,-0.733806312084198,1.5326234102249146,0.568525493144989,1.371299386024475,-0.4808655083179474,1.4167659282684326,1.7330989837646484,1.427803874015808,-0.23023955523967743,0.6136825084686279,0.594351589679718,-0.8676705360412598,0.026382889598608017,0.6370239853858948,2.751190423965454,-0.19558939337730408,0.0896085873246193,0.4965944290161133,0.39275872707366943,-0.5460366606712341,1.5744632482528687,1.0464990139007568,-0.4332742989063263,0.08808638155460358,1.1873648166656494,0.2839678227901459,-0.5789523124694824,1.301421046257019,-1.7806706428527832,0.6887161135673523,-1.3163927793502808,-0.8190167546272278,-1.1173652410507202
互相联系,0.16217152774333954,0.19796040654182434,0.07686056196689606,0.13244260847568512,-0.003238996723666787,-0.005294020287692547,-0.028889687731862068,-0.11801588535308838,0.025779515504837036,-0.0059698764234781265,-0.16772784292697906,-0.20503348112106323,-0.10544461756944656,-0.049149323254823685,-0.10030647367238998,-0.011053395457565784,0.0324113704264164,-0.008460775017738342,-0.2889358699321747,-0.11361635476350784,-0.1664975881576538,-0.0799759104847908,-0.02793019823729992,-0.13384181261062622,-0.35874682664871216,-0.10832621902227402,-0.11947111785411835,-0.1798713207244873,0.06419666111469269,0.085484080016613,-0.057784780859947205,-0.09901008754968643,0.0022429311648011208,-0.01797592267394066,0.04529578983783722,0.10348888486623764,0.0604470856487751,0.05189399793744087,-0.10140323638916016,0.013698135502636433,0.17060577869415283,-0.02537996508181095,0.13984553515911102,-0.12095178663730621,-0.012004056945443153,-0.03091704659163952,0.029146060347557068,0.08373281359672546,-0.06755799800157547,0.2977452576160431,-0.054227929562330246,0.034519001841545105,-0.03961879014968872,0.11608313024044037,0.08302617073059082,0.005523168481886387,0.024495521560311317,0.11971566826105118,0.0981636717915535,-0.18462920188903809,-0.07102320343255997,0.041580040007829666,0.07425165921449661,0.06566590070724487,-0.06883331388235092,0.28319600224494934,-0.14074328541755676,-6.299887172644958e-05,0.04595034196972847,0.02432139404118061,0.03230421990156174,-0.18886317312717438,0.10853001475334167,-0.03349429368972778,0.04233743995428085,0.18625383079051971,0.2805298864841461,0.05961393192410469,0.06081573665142059,-0.08872044086456299,-0.07825420796871185,-0.20088070631027222,0.02046278864145279,-0.020180892199277878,-0.10861678421497345,0.12459655106067657,0.12119800597429276,-0.030254725366830826,-0.137215256690979,0.12204790860414505,-0.1194646805524826,0.21290956437587738,-0.37600842118263245,0.16047227382659912,-0.005438973195850849,-0.09858082979917526,0.09682662039995193,0.043799128383398056,0.06581667065620422,-0.10949086397886276,0.011814238503575325,-0.136299729347229,-0.16663499176502228,0.16519466042518616,-0.2233932912349701,0.11407496780157089,-0.10352981835603714,-0.019875386729836464,0.10598567128181458,0.06219938024878502,-0.1708463877439499,0.0029238120187073946,-0.21535006165504456,-0.13690420985221863,0.06076087802648544,0.21641245484352112,-0.1101468950510025,-0.01198443304747343,-0.0751984640955925,0.07917699962854385,0.16341301798820496,0.13456033170223236,0.02927565760910511,-0.10251544415950775,-0.07158869504928589,0.061822060495615005,-0.04471314325928688,-0.05411211773753166,-0.008258217945694923,-0.03244111314415932,0.05562732741236687,-0.09259971231222153,-0.01705905981361866,-0.1425156593322754,-0.04301781579852104,-0.02557530254125595,0.052715204656124115,0.1099102720618248,-0.023635460063815117,-0.08118404448032379,-0.08388005942106247,0.15365393459796906,-0.06791152060031891,-0.05774260684847832,0.1345091313123703,0.12194418162107468,-0.20201312005519867,0.153310164809227,0.12953932583332062,0.13783837854862213,0.06087333336472511,-0.21261505782604218,-0.024784604087471962,-0.06992679089307785,0.08803818374872208,-0.05777076259255409,-0.22116947174072266,0.0718359649181366,0.05727638676762581,0.04589131847023964,-0.015372401103377342,-0.05852281302213669,-0.2532907724380493,-0.05244633927941322,-0.08508454263210297,-0.3601800203323364,-0.08303119242191315,-0.03627442196011543,0.06301426142454147,-0.2052202671766281,0.00619781157001853,0.10431313514709473,0.0002760114148259163,0.06349889189004898,0.21153093874454498,0.02847183309495449,0.07001623511314392,0.189179927110672,-0.1034960225224495,0.11280318349599838,-0.3513963520526886,-0.051342837512493134,-0.021136879920959473,0.07068253308534622,0.156033456325531,0.008130391128361225,-0.06099793687462807,-0.05592434108257294,0.05381700024008751,0.08961734175682068,0.2497294396162033,0.03541543707251549,0.04931191727519035,0.01567608304321766,-0.1741127222776413,-0.05114002525806427,-0.1157476007938385,-0.018778277561068535,-5.729417171096429e-05,-0.004736423026770353,0.1328858733177185,-0.023313170298933983,-0.09086250513792038,0.34334707260131836,0.11978574097156525,0.16605381667613983,-0.1292857527732849,0.10691127926111221,-0.2061040848493576,-0.07643386721611023,-0.042109571397304535,0.1307211071252823,-0.27551889419555664,0.00962898414582014,-0.04071694239974022,0.1075812429189682,0.030088838189840317,0.014178301207721233,-0.18189479410648346,-0.10990653932094574,0.10716509819030762,-0.05065501853823662,0.1571493297815323,0.0583188459277153,-0.012874571606516838,0.031840790063142776,0.057972077280282974,0.02933584339916706,-0.047191545367240906,-0.09843095391988754,0.01740436442196369,0.019787052646279335,-0.19375725090503693,0.09596975892782211,-0.1474195122718811,-0.15227648615837097,0.07857783883810043,0.03800637647509575,-0.2962372303009033,-0.12375618517398834,-0.10210733115673065,0.09624631702899933,-0.16908691823482513,0.05465051531791687,-0.17349418997764587,-0.04239032417535782,-0.12400156259536743,-0.05163315683603287,0.015391877852380276,0.12270080298185349,-0.11359328031539917,0.17787213623523712,-0.02232177183032036,-0.20934836566448212,-0.046609144657850266,-0.06311953812837601,0.08218372613191605,-0.023827381432056427,-0.029968157410621643,-0.13695062696933746,-0.11106688529253006,-0.059966716915369034,-0.0715959370136261,0.2726864218711853,0.024455590173602104,-0.04150130972266197,-0.14487911760807037,-0.057466261088848114,0.08083394914865494,-0.1615375280380249,-0.30357372760772705,-0.07900537550449371,0.24299167096614838,0.26034829020500183,-0.019408386200666428,-0.08333238214254379,-0.12490802258253098,0.12993401288986206,-0.019561439752578735,-0.25622740387916565,0.004696748685091734,-0.03284738212823868,0.09881282597780228,-0.05610547587275505,0.16260793805122375,-0.00034878813312388957,0.04463599622249603,0.20076535642147064,0.05570537969470024,0.08785627782344818,-0.15868787467479706,-0.052897486835718155,-0.1590285748243332,0.06340999156236649,0.03139187768101692,-0.06324146687984467,0.09625732898712158,0.09408171474933624,-0.08851583302021027,0.16070999205112457
当好,0.3292751908302307,-0.3969112038612366,-0.1145448163151741,0.17767176032066345,-0.08822676539421082,0.38973483443260193,-0.12143013626337051,-0.01775922253727913,0.3725747764110565,0.20355530083179474,-0.6672682762145996,0.22093547880649567,0.08697041869163513,-0.1739317923784256,-0.04917047917842865,-0.3573538362979889,0.2647216320037842,-0.1289777010679245,0.13988547027111053,-0.02770281583070755,-0.03858570754528046,0.14159829914569855,0.5474798083305359,0.053710099309682846,-0.13427503407001495,-0.10790354013442993,-0.0034311877097934484,-0.06593835353851318,0.07667706161737442,-0.15512795746326447,-0.1617673933506012,-0.08683748543262482,0.14017735421657562,0.015577062033116817,-0.1250401884317398,-0.1023358702659607,-0.2607415020465851,-0.1827424019575119,0.06285831332206726,0.12838853895664215,0.1864936649799347,-0.14399510622024536,0.12334354221820831,-0.4187527596950531,-0.5900059342384338,-0.30208563804626465,-0.18278761208057404,0.005617442540824413,0.10068032145500183,0.29899826645851135,0.19896820187568665,-0.06860236078500748,0.06052017956972122,0.21909166872501373,-0.27717286348342896,-0.1510261446237564,-0.31522804498672485,0.17128026485443115,-0.4198515713214874,0.273809552192688,0.14761263132095337,-0.2669563591480255,-0.025589214637875557,-0.2349127233028412,-0.0020948508754372597,0.43149569630622864,-0.2512146234512329,0.10992265492677689,-0.3114100694656372,0.09492535889148712,-0.043661363422870636,0.21981796622276306,-0.18210378289222717,-0.05314111337065697,-0.1343308836221695,0.0144031448289752,0.2658839523792267,0.6209928393363953,-0.016064902767539024,0.058219313621520996,0.05434662848711014,0.08504653722047806,-0.09472613036632538,0.22229865193367004,0.09778053313493729,-0.026473332196474075,0.23122180998325348,-0.2843322157859802,-0.22116421163082123,0.2863163352012634,-0.10129741579294205,0.014467047527432442,-0.47713834047317505,0.23693148791790009,0.05092903971672058,-0.8355424404144287,0.0471944697201252,-0.05061823129653931,-0.06083199754357338,-0.06321222335100174,0.03172427415847778,0.28225067257881165,-0.09789849817752838,0.19207555055618286,0.14356227219104767,0.2145763784646988,-0.25240233540534973,0.02995002642273903,0.34747618436813354,0.252638041973114,0.10332532972097397,0.28568291664123535,-0.038585543632507324,-0.2115773856639862,-0.14466267824172974,-0.08393475413322449,0.042233459651470184,0.10173126310110092,-0.3135525584220886,-0.28601375222206116,0.12228044867515564,-0.11070972681045532,0.4213598668575287,0.01455766148865223,0.19737635552883148,0.07618176192045212,0.05593452975153923,-0.14536061882972717,0.33807212114334106,0.10020548105239868,0.022029878571629524,-0.026617037132382393,-0.2469707429409027,0.042130354791879654,0.0649840459227562,0.092593252658844,0.11031758040189743,-0.18485309183597565,-0.14052800834178925,0.3707996606826782,-0.13107509911060333,0.1876949816942215,0.422171950340271,-0.18661382794380188,-0.11617287248373032,0.09560929238796234,0.10913325846195221,-0.024259721860289574,-0.093324676156044,-0.15092051029205322,0.31346645951271057,-0.19451041519641876,0.04108457639813423,-0.33359846472740173,0.17926418781280518,0.06122125685214996,0.23681071400642395,-0.1405237317085266,0.13080361485481262,-0.48724859952926636,-0.21182380616664886,-0.1009710356593132,-0.27215495705604553,0.1530323624610901,0.10464776307344437,-0.11573274433612823,0.31214639544487,-0.02479609102010727,0.18731732666492462,-0.2321006804704666,-0.10114730894565582,-0.09731537103652954,-0.2686527371406555,0.30316162109375,-0.12690944969654083,0.12119921296834946,-0.05528728663921356,-0.056046176701784134,-0.03454766795039177,-0.037419162690639496,-0.05318692326545715,-0.011706091463565826,0.024529216811060905,-0.18266160786151886,-0.3246549665927887,0.1626436561346054,-0.18991568684577942,0.5104212760925293,0.054168857634067535,0.35775765776634216,-0.10660059005022049,-0.22919568419456482,0.017847822979092598,-0.1370922327041626,-0.04910232499241829,0.10467755794525146,-0.3750658333301544,-0.17983639240264893,0.32645323872566223,0.07966464757919312,-0.1516316533088684,-0.025116344913840294,0.22060737013816833,0.12306034564971924,0.32381725311279297,0.08949346840381622,0.010671508498489857,-0.21849513053894043,0.18893617391586304,0.15053248405456543,0.09548550099134445,0.07430074363946915,-0.018403537571430206,0.6337937116622925,-0.04715961590409279,-0.13235047459602356,-0.2954406440258026,0.3634010851383209,0.25118306279182434,-0.02164788544178009,-0.17108039557933807,0.020668599754571915,0.10009584575891495,0.24204480648040771,-0.08883223682641983,-0.30523553490638733,0.1758904904127121,-0.20454902946949005,-0.1438993215560913,0.42775556445121765,0.009493648074567318,-0.2047823965549469,0.17885085940361023,-0.04876304045319557,-0.06628327071666718,0.05745359882712364,-0.029170488938689232,-0.09370916336774826,0.020069990307092667,0.013068628497421741,-0.298439621925354,0.08984007686376572,0.1260341852903366,-0.22587935626506805,-0.0739722028374672,-0.1785394251346588,0.08158500492572784,0.004649448208510876,-0.03289814293384552,0.0005013006739318371,0.12966886162757874,-0.12360086292028427,-0.22529231011867523,-0.04455709829926491,-0.35606515407562256,0.10677127540111542,-0.21510891616344452,-0.17594140768051147,-0.006811930797994137,0.0013785891933366656,-0.19170495867729187,-0.20786945521831512,0.0812959298491478,0.100023552775383,0.2741785943508148,-0.42204606533050537,-0.08688433468341827,-0.15400312840938568,0.05556238815188408,0.30573323369026184,-0.12295298278331757,-0.2856534421443939,0.1845434010028839,0.06690188497304916,0.04522651061415672,-0.1557067632675171,-0.22918476164340973,0.10150689631700516,0.19957561790943146,0.1581099033355713,0.010279256850481033,0.4310079514980316,0.44197338819503784,-0.09072902798652649,-0.36193403601646423,-0.13822658360004425,0.12298925220966339,0.326086163520813,0.02759028598666191,-0.10606265068054199,-0.32251235842704773,0.24145497381687164,-0.4961719214916229,0.7329316735267639,0.01748361997306347,-0.13429927825927734,0.0021340292878448963,0.01734735257923603,-0.13915881514549255,0.3837456703186035
信息,0.35205042362213135,-0.41054439544677734,0.7861813902854919,0.2348167598247528,0.7000498175621033,-0.0015281152445822954,-1.859699010848999,-0.10005394369363785,-0.4348333179950714,0.4084733724594116,-0.5280261039733887,-0.7198362946510315,0.9751374125480652,0.7936515212059021,-1.725272297859192,-0.5483607649803162,1.7452625036239624,0.22756840288639069,-2.227099895477295,-2.214604616165161,-0.6264967322349548,-2.6275575160980225,-1.7629157304763794,-0.6989696621894836,0.704204797744751,-1.3116785287857056,0.2891748547554016,-1.6761823892593384,0.23538091778755188,0.6178234815597534,-0.9590077996253967,-0.1667337417602539,-0.8571652770042419,0.49841758608818054,0.06525923311710358,-0.974363386631012,-3.7438316345214844,-1.008327603340149,-0.08628389984369278,0.5819462537765503,-2.590273380279541,-0.8139022588729858,-0.10339083522558212,-0.22254177927970886,1.622021198272705,0.38387155532836914,1.291363000869751,-1.07259202003479,0.5753375291824341,-1.5934720039367676,0.06644754856824875,0.9094469547271729,0.15592049062252045,0.728609561920166,-0.5938910245895386,2.247039318084717,-0.09303275495767593,1.1745351552963257,0.9008458256721497,0.31281596422195435,0.47786572575569153,-1.2351148128509521,-0.44365784525871277,-0.14786796271800995,-0.8260109424591064,1.606772780418396,0.47470903396606445,0.9377228617668152,1.0692732334136963,-0.13171081244945526,-1.937280535697937,-0.6836392879486084,1.0208492279052734,0.3942840099334717,0.09894292801618576,1.098004698753357,0.8381028771400452,1.1776466369628906,-0.8866133093833923,0.24397368729114532,-1.43012535572052,1.332262635231018,0.716534435749054,1.211832880973816,-1.0575162172317505,-1.009778618812561,1.8287171125411987,0.7415137887001038,-3.039806842803955,-1.0570858716964722,-0.4147968888282776,-0.08487775921821594,-0.6144143342971802,-0.21654877066612244,-2.4617178440093994,-0.7899731397628784,1.8531476259231567,0.9233478903770447,1.2149003744125366,0.012568998150527477,1.7687166929244995,-0.020063811913132668,0.4858156740665436,1.4200140237808228,-0.9013866186141968,-0.04407970607280731,1.2621206045150757,-1.376582384109497,-0.08316849917173386,-0.5222498178482056,1.7615407705307007,0.14092624187469482,-0.4895680546760559,0.9375786781311035,0.18530207872390747,-0.5516465306282043,-1.3175811767578125,0.11752983182668686,-0.047908417880535126,-0.25480347871780396,1.6690378189086914,-0.20381127297878265,0.3863191306591034,0.8547054529190063,0.3307928442955017,-1.5296361446380615,-0.41789349913597107,2.17885684967041,2.2581493854522705,-0.6252672076225281,0.5537099242210388,-1.8200372457504272,0.6700127720832825,-0.08858222514390945,1.0918240547180176,0.8447703719139099,1.1517740488052368,0.7562758922576904,0.19082987308502197,-2.8517465591430664,-2.3167495727539062,-0.6825663447380066,-1.4315913915634155,-1.1279308795928955,0.25933241844177246,-0.5698729157447815,0.49007973074913025,0.5336467623710632,-0.9449355602264404,0.49648773670196533,0.2675415575504303,-1.8815280199050903,-2.666409730911255,1.032709002494812,-1.3285526037216187,-0.5637312531471252,-0.05653948336839676,1.2482162714004517,-0.9000439047813416,-0.010493062436580658,-0.15984873473644257,-2.016056537628174,0.25151634216308594,0.49653705954551697,1.2274941205978394,-0.9560042023658752,1.7500498294830322,-1.6107063293457031,-1.2704511880874634,2.5348899364471436,-0.6486709117889404,-0.14948368072509766,0.7745120525360107,1.4880893230438232,1.077523946762085,0.5718874931335449,0.7809275984764099,0.31332337856292725,-0.7140378952026367,-0.01026497408747673,-2.3045613765716553,-1.2874332666397095,-0.15735770761966705,0.6813164353370667,0.6765663027763367,0.09775903820991516,-1.2860615253448486,0.649793267250061,2.1223206520080566,-0.8049156069755554,-0.15359371900558472,-0.21172431111335754,-0.9259266257286072,0.3219672739505768,0.7855780124664307,-1.4503605365753174,1.7943222522735596,0.2947017252445221,-1.055935263633728,0.00432555889710784,-0.0743829607963562,-1.8518892526626587,0.8429197072982788,0.5140913128852844,0.3577266037464142,0.5931747555732727,0.98021399974823,0.022702045738697052,0.5713995695114136,1.3098875284194946,0.11712152510881424,0.4242841303348541,-2.988659620285034,-0.4288901388645172,-2.0050268173217773,-1.6086374521255493,1.02059006690979,-0.048122622072696686,-2.1606764793395996,-1.736777901649475,1.1240429878234863,-0.03376680240035057,1.2091487646102905,1.7709201574325562,0.4316078722476959,-1.162665843963623,1.3362810611724854,-0.5286740660667419,-0.8479828238487244,1.1350395679473877,0.014297637157142162,1.1939878463745117,0.7551571726799011,0.08549921214580536,-1.02010977268219,0.968842625617981,1.3421225547790527,0.8519120216369629,1.8162864446640015,-1.2576541900634766,3.1561057567596436,2.6169490814208984,0.06262385100126266,-0.1090066134929657,-2.407060384750366,-1.3187892436981201,-0.7432405352592468,-0.050330109894275665,-1.9450527429580688,0.6657058000564575,-0.9778873920440674,-0.2871113121509552,0.016166139394044876,1.3794405460357666,-0.7504904270172119,-1.7278351783752441,0.13286592066287994,-0.10866651684045792,1.6264488697052002,-2.506354570388794,-0.8323158621788025,-1.0215818881988525,-3.3244192600250244,2.8410933017730713,-0.20465321838855743,-0.32352569699287415,-0.2813388705253601,0.31078869104385376,0.30559077858924866,0.7887313365936279,-2.215573310852051,-2.7929582595825195,-0.47816696763038635,-0.766067624092102,-0.2791904807090759,0.9256532788276672,1.079720139503479,-1.1369093656539917,0.7617102265357971,0.6191306710243225,0.604503870010376,-0.8865668773651123,-3.3220057487487793,1.9487584829330444,-0.6810619831085205,0.6669535636901855,-0.39219799637794495,-0.3249988555908203,1.956459641456604,-2.0869929790496826,1.0796706676483154,-1.2392667531967163,-0.04189518466591835,-1.6510075330734253,0.423712819814682,0.3994767665863037,1.4196959733963013,0.23685505986213684,0.06826596707105637,-0.26290059089660645
问题,-0.3521074056625366,-0.7341383695602417,2.50838303565979,0.30117908120155334,-2.0588650703430176,-2.010554790496826,0.6967576146125793,2.3577845096588135,0.6462306976318359,-1.2836377620697021,-1.1136798858642578,0.12469082325696945,-0.04897943139076233,1.677499532699585,-1.8896467685699463,-1.4317718744277954,4.343572616577148,1.860597848892212,-2.697597026824951,0.29824402928352356,-1.4379456043243408,-1.2515313625335693,0.18255724012851715,-0.21844123303890228,-2.7984018325805664,-2.183567523956299,0.25381824374198914,-2.579760789871216,-1.065384030342102,1.7009179592132568,-0.8632738590240479,-2.381798028945923,-0.24999794363975525,-0.6611817479133606,-0.9759618043899536,-0.5474951863288879,-1.429056167602539,-1.8542789220809937,-1.2526366710662842,-0.9524504542350769,-0.6850593686103821,3.1662395000457764,-2.216027021408081,-0.6330012083053589,-1.6036971807479858,0.6171905994415283,1.854002594947815,-0.46108102798461914,-2.3504955768585205,-0.928684413433075,0.4954565465450287,0.009929467923939228,2.286060333251953,0.8297573328018188,-0.19896773993968964,0.9862060546875,0.36081281304359436,-1.7725788354873657,-0.9141131043434143,-0.21714277565479279,-0.19380775094032288,0.637620747089386,-1.4297800064086914,-0.8884293437004089,-1.584328532218933,-0.7193619012832642,1.5392755270004272,2.5833261013031006,-0.1675616055727005,-1.0404199361801147,-0.549947202205658,-0.30413079261779785,-0.9816410541534424,-1.0837960243225098,2.409198760986328,-1.2425925731658936,0.3061857521533966,0.17991314828395844,-1.045011281967163,-0.37383049726486206,0.31146764755249023,-0.4360799491405487,-0.3561350405216217,-0.710861325263977,0.18375571072101593,-0.1678692251443863,0.8467075228691101,1.8769824504852295,-1.4005651473999023,1.939782738685608,1.8918960094451904,2.087583541870117,0.11907951533794403,-0.3003658652305603,-0.5832962393760681,-0.2586266100406647,0.488426148891449,3.4813027381896973,-1.5076301097869873,-1.2412916421890259,0.9150819778442383,-0.027302047237753868,0.03921537846326828,-1.8573906421661377,0.25406479835510254,1.8221931457519531,1.7670823335647583,0.5705484747886658,-1.293215036392212,-1.2375239133834839,-0.24251684546470642,0.07813842594623566,1.641827940940857,1.9466551542282104,1.9955792427062988,-2.0007758140563965,0.19352388381958008,0.1773356944322586,-2.9608607292175293,0.7339974641799927,1.1686787605285645,-0.6507200002670288,-0.7420229315757751,2.915062427520752,-0.14066429436206818,-1.25717294216156,1.0968960523605347,0.9475232362747192,1.706720232963562,0.6722413301467896,0.2662607729434967,-0.8775185346603394,0.831048309803009,1.358117938041687,-0.12358427792787552,-1.4605541229248047,2.9774017333984375,0.8329298496246338,-0.9987865686416626,-2.199321746826172,-1.6764036417007446,1.8098262548446655,-0.31924670934677124,-0.4207328259944916,0.7486748695373535,1.2316854000091553,-1.2826392650604248,-1.3150542974472046,-2.1043319702148438,-1.0891969203948975,1.6804176568984985,-2.499554395675659,0.5049681663513184,0.9020946025848389,-3.2969038486480713,-0.2185596078634262,-0.3956281840801239,2.3724546432495117,-0.47053709626197815,-1.9802924394607544,-1.1537491083145142,0.9416553378105164,-0.543495237827301,1.0847402811050415,1.2992936372756958,-1.3346368074417114,1.554291009902954,-0.42323869466781616,1.2835237979888916,0.20946823060512543,-1.2015560865402222,-1.1464347839355469,0.4702451825141907,0.7842085361480713,1.2661930322647095,3.2493553161621094,0.8318769335746765,-0.5532434582710266,-0.5024942755699158,0.13580335676670074,0.05369442701339722,-0.9797279238700867,-0.04753996431827545,-0.9243757128715515,-0.4773237109184265,2.0853753089904785,-0.2527065575122833,2.3488941192626953,-0.780515193939209,-0.2804330587387085,-0.15813659131526947,-1.3026196956634521,-0.7515439391136169,-0.5908700823783875,0.48362302780151367,-1.1063272953033447,2.5465734004974365,-1.729686975479126,-0.22741162776947021,1.278417944908142,0.287697970867157,-0.821932315826416,0.5293552875518799,-0.29898542165756226,-1.1144473552703857,1.2070515155792236,-0.3511892855167389,-0.24028831720352173,-0.34210309386253357,-1.7541605234146118,-0.4936254322528839,-0.2002577781677246,-1.9090739488601685,-0.9699751138687134,-1.5603476762771606,-1.836239218711853,0.13811446726322174,2.3604650497436523,-2.6347267627716064,2.1911556720733643,2.1956863403320312,0.7145847082138062,-0.5386493802070618,0.9803190231323242,0.20233985781669617,-0.7059608101844788,1.4262980222702026,1.225188136100769,-1.0269408226013184,1.8347433805465698,0.6964975595474243,-0.899349570274353,2.003835916519165,0.3482227325439453,-0.33466246724128723,-0.8098918795585632,0.49400433897972107,-0.03461823984980583,1.27415931224823,-0.49280840158462524,2.501891851425171,1.3035461902618408,2.01521897315979,-1.8950486183166504,-1.5182528495788574,-1.198093056678772,0.0930120125412941,-0.200607031583786,0.754632830619812,-2.0808253288269043,-1.577450156211853,-0.84434574842453,-0.6159001588821411,-0.3037412464618683,0.9815451502799988,1.7967883348464966,-2.3043713569641113,1.339266300201416,3.0882134437561035,-1.8901591300964355,0.42528629302978516,-0.545586884021759,-1.838197946548462,-0.937443733215332,0.09132631123065948,-0.6133264303207397,-1.0985116958618164,-0.5797770023345947,-1.924149990081787,0.5449423789978027,-0.6842107772827148,1.4140712022781372,-1.6512210369110107,-0.6490111947059631,-0.49868905544281006,-0.11347587406635284,1.0533668994903564,-0.9168809056282043,-0.044497277587652206,1.0476008653640747,1.87406587600708,1.0406213998794556,-1.8064435720443726,2.2977921962738037,0.11381980776786804,3.7299904823303223,-0.1611836850643158,-0.44453591108322144,0.039248399436473846,-1.9224931001663208,-1.7723332643508911,-2.527026891708374,1.0373567342758179,-0.6274305582046509,0.31541121006011963,1.2015174627304077,1.33082115650177,0.08468610793352127,-0.016080515459179878,-0.7895265817642212
校长,-0.11418972909450531,0.790423572063446,-0.5871719717979431,0.6240509152412415,-0.3224693834781647,-0.7949377298355103,-2.4458813667297363,2.537923574447632,-0.01603064499795437,1.2328429222106934,-1.2217864990234375,1.9597164392471313,-0.22008195519447327,2.104872465133667,0.032896000891923904,-1.3883851766586304,-0.9866170883178711,2.4227852821350098,-0.4913198947906494,-0.8012827634811401,0.37098586559295654,1.185904860496521,0.4826532304286957,-0.21802085638046265,0.2192893922328949,-2.2728943824768066,1.2807550430297852,0.5256361961364746,2.1735928058624268,-1.5038028955459595,-1.7917605638504028,1.1386655569076538,-0.560250461101532,-0.33422043919563293,-1.2084604501724243,-0.27253174781799316,-0.25184857845306396,-0.2887202501296997,0.676910400390625,0.8862825036048889,-0.2122109830379486,-0.8070666790008545,0.5858039259910583,-0.008976900950074196,-0.679560661315918,-1.26641845703125,1.8660767078399658,0.8499494791030884,1.3788957595825195,0.24970193207263947,-0.7956672310829163,-0.10556459426879883,0.22012470662593842,-0.10629283636808395,2.019554615020752,-1.8423787355422974,0.7235453128814697,-0.18133316934108734,0.3269328474998474,0.4737747311592102,-0.9920080304145813,0.5527182221412659,2.0498108863830566,0.6250047087669373,-1.8005517721176147,0.9733653664588928,-1.2161270380020142,-0.05337678641080856,1.3778109550476074,0.6105808615684509,4.015048027038574,1.0829546451568604,1.2192331552505493,0.5479331612586975,1.9608012437820435,-0.21730172634124756,0.7475929260253906,-1.1315549612045288,-1.553350806236267,-2.0460205078125,-1.677978515625,0.7377747297286987,-1.5340341329574585,0.03173498064279556,-2.6335177421569824,-2.319911003112793,1.857350468635559,-2.5428104400634766,-0.3932889401912689,-0.26454734802246094,-0.8424075841903687,-0.13652050495147705,-0.28073230385780334,-0.6447667479515076,-3.065232038497925,0.1594228744506836,0.7709709405899048,1.4855440855026245,-1.9833674430847168,-0.667505145072937,1.0458626747131348,1.5968010425567627,-1.7410112619400024,2.279066562652588,2.1754891872406006,1.3656091690063477,1.242106318473816,1.1816588640213013,0.274830162525177,-0.7770510911941528,-1.3278007507324219,-1.6727328300476074,2.0130109786987305,-0.07270398736000061,0.9891193509101868,1.8774269819259644,1.0827932357788086,-0.6508020162582397,1.736250877380371,0.8941899538040161,0.19370052218437195,0.970123291015625,0.37012338638305664,0.3432158827781677,0.8871874213218689,2.4340972900390625,-2.3007307052612305,0.6507295966148376,-0.815598726272583,-0.22253037989139557,-1.1120127439498901,0.41173768043518066,-0.35332053899765015,-0.2834014594554901,-2.9134812355041504,-1.6637064218521118,-1.305044174194336,-1.9664055109024048,-0.9624990820884705,-1.9580186605453491,-2.2539680004119873,-1.392074465751648,1.184142827987671,-2.224853515625,3.1527259349823,0.8993560671806335,-1.353155493736267,2.468477487564087,0.4387921988964081,0.4781774878501892,0.6117709875106812,-0.32642847299575806,1.5007388591766357,2.930136203765869,-2.4344379901885986,0.9647921323776245,1.154038429260254,1.6548393964767456,-2.1066434383392334,0.16557714343070984,-0.8712379336357117,-1.2253940105438232,0.12628647685050964,-0.16176412999629974,0.030687423422932625,0.27345308661460876,-0.17821991443634033,3.391831398010254,0.7449815273284912,1.350937843322754,-0.24835582077503204,1.7679932117462158,0.5351302623748779,-2.3874104022979736,1.3464137315750122,-0.5445289015769958,-1.363976001739502,-3.2642745971679688,0.2101048082113266,-0.642516016960144,3.516953945159912,0.9789526462554932,-2.4255337715148926,-1.9026169776916504,-0.9913707375526428,-0.3519413471221924,-0.6844009757041931,-0.10217743366956711,0.010186858475208282,1.701412320137024,0.6262472867965698,1.3645700216293335,0.4409545063972473,-0.8916476964950562,-0.3347764015197754,0.6849309802055359,1.0277389287948608,0.34170961380004883,1.2942843437194824,-1.6397136449813843,0.8659761548042297,0.4148094356060028,-0.07130168378353119,0.3280576467514038,2.632295846939087,0.6909292936325073,-0.8630414605140686,1.0054024457931519,0.5443225502967834,1.1307679414749146,0.6362020373344421,-1.13895583152771,-0.1795780211687088,1.481839895248413,1.980154275894165,2.175482988357544,0.25180184841156006,-0.36761409044265747,0.49561837315559387,-0.03860441595315933,-2.896211624145508,-0.07323192805051804,-0.6267414689064026,0.8638109564781189,1.0471194982528687,-1.082033395767212,-0.06296607106924057,0.7826926708221436,2.664219617843628,0.17557314038276672,-1.0606769323349,-0.8599427342414856,0.08008740842342377,-1.4588639736175537,-0.06963808089494705,-2.3024203777313232,0.8855906128883362,1.459638237953186,1.2186615467071533,0.07312970608472824,-0.5940237045288086,1.2950364351272583,-0.9235209822654724,-1.2334120273590088,0.6291149258613586,-1.8996121883392334,0.7394962906837463,0.2321559637784958,0.230680912733078,-0.8862175941467285,-0.5190144777297974,0.5707551836967468,0.0679258182644844,1.5330095291137695,0.0699509009718895,-0.5002222061157227,0.7796520590782166,-0.0604340098798275,0.5051828622817993,0.626575231552124,-0.0690954253077507,0.5760330557823181,0.9673557877540588,-1.5438686609268188,0.01969210058450699,-1.5921515226364136,-0.7543615698814392,-1.2499078512191772,-1.5395934581756592,1.7675107717514038,-1.9253782033920288,-0.3461754024028778,1.9417113065719604,0.016874495893716812,-1.526849389076233,-1.9363901615142822,-1.0207090377807617,-0.8587908744812012,-2.2945144176483154,1.3192938566207886,-0.3714454770088196,2.6923320293426514,1.8514257669448853,1.4084399938583374,1.7517259120941162,0.4885733425617218,-0.7392242550849915,0.6154711246490479,2.393364191055298,0.9078694581985474,0.7034102082252502,1.2079514265060425,1.3194245100021362,-0.1852147877216339,0.1451854705810547,-0.05167709290981293,-0.4557429254055023,-0.5923884510993958,2.1893293857574463,0.15592052042484283
难,0.6402263641357422,1.3054490089416504,-0.44350430369377136,-0.9397090673446655,-0.5199822783470154,-0.22727899253368378,0.14471185207366943,-1.0959595441818237,0.43620961904525757,-2.5323715209960938,-1.418593168258667,-0.9867157936096191,0.849491536617279,-0.3665083944797516,-0.030821677297353745,-1.2962464094161987,2.2528560161590576,-1.7441792488098145,0.827822744846344,0.2646087408065796,-2.784043550491333,-0.850749671459198,1.82908034324646,-0.7497599720954895,-1.8310123682022095,1.553640365600586,2.6858506202697754,1.4349768161773682,0.6397107243537903,1.017889142036438,0.1292707622051239,-1.3211334943771362,-0.8730288743972778,-0.7337168455123901,0.3685733377933502,-2.0076613426208496,-0.6389236450195312,-0.31862425804138184,-0.9539650678634644,1.5503724813461304,0.4569168984889984,0.6065791249275208,1.142637848854065,1.308018684387207,-0.8333482146263123,1.1429245471954346,0.79735267162323,0.8210952877998352,-0.30626410245895386,-0.6074008345603943,-0.2592148780822754,2.029761791229248,1.3773481845855713,-1.0056276321411133,0.8767864108085632,-0.2690953016281128,-1.9288228750228882,0.7229667901992798,0.05540428310632706,-0.15404094755649567,0.2707788050174713,0.9347752332687378,-0.9547753930091858,1.360767126083374,-1.0702404975891113,1.4833368062973022,0.6515235900878906,3.281919240951538,-0.8349199295043945,-0.19284400343894958,0.7151527404785156,0.11840897053480148,1.7254459857940674,-1.2187418937683105,0.14203457534313202,-0.7846410870552063,0.0028750828932970762,1.4546958208084106,-0.3069244921207428,-1.9630159139633179,0.9234384894371033,0.6020384430885315,-0.8845545649528503,-1.5023365020751953,-1.332465410232544,0.7849152088165283,-0.7408201098442078,-0.8799766898155212,-0.5437802672386169,1.3362541198730469,-0.7790036201477051,0.3296617567539215,1.371847152709961,1.0337234735488892,-0.146917924284935,-2.1657845973968506,-0.0443425290286541,1.0231324434280396,0.48643702268600464,-0.11267568916082382,0.3977274000644684,-2.4588425159454346,1.7272449731826782,-0.3048311769962311,0.47290998697280884,0.7271769046783447,1.1362385749816895,-0.41945430636405945,0.5169626474380493,-0.19664476811885834,0.8911731243133545,2.456347703933716,-1.5908668041229248,0.4480813145637512,-0.8982547521591187,-1.1326504945755005,-0.3361702859401703,-0.4354902505874634,-1.0342323780059814,-1.1823327541351318,-0.9037904739379883,0.7284743785858154,-0.8100624680519104,0.6886649131774902,-1.6952894926071167,-0.9092472791671753,1.6594268083572388,-1.557506799697876,0.4304039478302002,-0.1424102485179901,-0.12558475136756897,0.3289424180984497,1.698702335357666,0.24836665391921997,-0.6638256311416626,0.9698725938796997,1.507826805114746,0.3010506331920624,-0.7624300122261047,-0.42246416211128235,0.8494332432746887,0.09532134234905243,-0.47829172015190125,0.34320640563964844,1.6274703741073608,2.1886141300201416,-0.01431895513087511,-1.341910481452942,-1.883881688117981,-0.8482404351234436,0.9625813364982605,-0.5416737198829651,-0.5516954064369202,2.378140449523926,-0.10208135098218918,-0.6878416538238525,0.040011003613471985,-1.9355846643447876,-1.5297690629959106,0.11794593930244446,0.020427972078323364,-2.931757688522339,0.7371724247932434,0.6969624757766724,1.3368620872497559,-1.2524778842926025,-1.7376128435134888,0.1406707763671875,1.766563057899475,0.7168494462966919,-0.5391986966133118,-0.19520115852355957,1.6568564176559448,0.017525995150208473,1.166954755783081,1.8150825500488281,0.6070881485939026,-1.2731916904449463,-0.41651397943496704,2.0260024070739746,-1.1100537776947021,0.4521261155605316,-0.1259155124425888,1.1058787107467651,0.47222909331321716,-0.33492591977119446,-0.7451599836349487,0.2813488841056824,-0.4234062731266022,-0.9934856295585632,-0.05398494750261307,1.2582752704620361,0.7727733850479126,0.3081184923648834,1.5807170867919922,2.9386348724365234,0.8199245929718018,0.37320002913475037,-0.10042580962181091,1.6890182495117188,-1.9874831438064575,0.6675035953521729,-0.3940007984638214,-2.1996002197265625,0.8708912134170532,0.8653284907341003,0.251263827085495,-0.40102091431617737,-0.5749618411064148,-0.22835591435432434,1.4694370031356812,0.4575282037258148,0.36907586455345154,1.330593466758728,-2.1010794639587402,-1.9152603149414062,-0.023746218532323837,0.18912015855312347,2.8445029258728027,0.42393484711647034,0.59380042552948,3.1459226608276367,-1.5536954402923584,-1.043923258781433,-0.5815556049346924,-0.44674575328826904,-2.448488712310791,0.7568874955177307,-2.251598834991455,-0.10557815432548523,-0.27760204672813416,2.7068443298339844,0.9655374884605408,0.31534621119499207,-0.312826007604599,-0.7662734389305115,0.3499893844127655,1.0127674341201782,-0.7835018634796143,-0.5767343044281006,-0.26358357071876526,1.3568283319473267,0.8755670189857483,1.933923363685608,0.5683199763298035,-0.30497193336486816,0.1102658212184906,-1.0300137996673584,1.0274772644042969,-2.4003617763519287,0.5749211311340332,0.8241029381752014,-1.3145486116409302,1.1533395051956177,-0.7427825927734375,0.5849158763885498,-1.9027681350708008,-0.4166202247142792,0.18840482831001282,-1.4625028371810913,0.541279137134552,-0.9616479277610779,-0.3729962110519409,2.4837849140167236,1.8400150537490845,-2.9791746139526367,-3.0489652156829834,1.5388516187667847,-0.43055295944213867,0.5225666165351868,3.4351465702056885,0.5698816180229187,-0.5933653116226196,-0.6522424221038818,-2.1781721115112305,-0.8056635856628418,0.2751012146472931,-0.24534685909748077,1.0579248666763306,1.2023173570632935,-0.37896257638931274,3.0113112926483154,0.25167080760002136,0.26454803347587585,1.4583805799484253,-1.2871400117874146,1.5754196643829346,-0.6843555569648743,0.5182473063468933,-2.9877774715423584,-1.0037611722946167,-2.8591127395629883,0.04052114114165306,0.527619481086731,-1.3213411569595337,-0.2591862976551056,0.3675009310245514,-0.8862766623497009,-2.1919758319854736,1.072996973991394
合格,0.5403838753700256,-1.4934966564178467,0.4761192798614502,-0.7815815210342407,-0.21687205135822296,-0.7271416783332825,-0.7616768479347229,2.0780651569366455,1.251278042793274,-2.452016830444336,-0.7487077116966248,-0.05101976543664932,-0.7056257724761963,0.9859272241592407,-2.0261597633361816,-1.425455093383789,-0.8074536919593811,0.8777579069137573,-2.1320815086364746,-0.27444788813591003,0.11812180280685425,-0.9622184634208679,0.2529442310333252,-0.4079880714416504,-1.0112746953964233,0.7878950834274292,-0.9487080574035645,-0.2442721724510193,0.5504058599472046,0.03444761782884598,-1.9347940683364868,1.6505056619644165,-0.601987361907959,-0.8783124685287476,-0.7651095390319824,-1.236521601676941,-1.2775648832321167,-1.8509376049041748,0.3984967768192291,-0.7361611723899841,0.5123024582862854,0.8664748668670654,-2.1652681827545166,0.2704940140247345,0.5555759072303772,-0.21499758958816528,-0.4915330111980438,-2.2339017391204834,-0.35386282205581665,0.701819121837616,0.920454204082489,2.1872193813323975,-1.519911766052246,0.19311416149139404,-1.9632152318954468,1.5817705392837524,-1.205487608909607,-0.11949004232883453,-1.2262320518493652,0.14400307834148407,0.30123060941696167,-0.09044767171144485,1.4234081506729126,1.328789472579956,0.3487635552883148,1.2628010511398315,-1.0877164602279663,-1.2211030721664429,0.32071757316589355,-2.059504747390747,0.8203465342521667,1.9763880968093872,-0.7034004330635071,-1.5153639316558838,-0.8691377639770508,-0.049274884164333344,0.004564554430544376,0.9919461011886597,-0.3904397785663605,1.8221091032028198,1.1889488697052002,-0.5545101165771484,-0.35596269369125366,0.8128713965415955,0.756437361240387,1.4219050407409668,0.003765700152143836,-2.4753434658050537,0.9762297868728638,0.680795431137085,-2.379607677459717,0.5530149340629578,1.2579463720321655,0.6485274434089661,1.0812326669692993,0.1167948767542839,0.44454625248908997,-0.4757883846759796,-0.8880475163459778,-1.3555055856704712,-0.41452300548553467,-1.4213744401931763,-0.9203368425369263,1.0757858753204346,0.6845248341560364,1.226668119430542,-0.13709382712841034,-0.25820133090019226,-0.9682892560958862,0.0841493234038353,-0.6963390111923218,1.2246962785720825,-0.29653188586235046,-1.0773015022277832,-0.7236115336418152,-0.5764548182487488,1.313499927520752,-1.5853341817855835,-0.24578799307346344,1.162835955619812,1.917385458946228,-0.36835619807243347,-1.6766726970672607,1.2278844118118286,0.49758830666542053,0.6726457476615906,0.23733407258987427,-0.48631489276885986,0.24314212799072266,-1.127826452255249,-1.0112031698226929,-0.32602766156196594,1.760623812675476,0.07476484775543213,0.24563945829868317,-1.2268110513687134,-1.0374490022659302,0.8035991787910461,0.9271647930145264,-1.2854833602905273,-0.786352813243866,-0.757810652256012,1.310154676437378,-0.36167025566101074,0.9562221169471741,0.6972227096557617,-0.5392630696296692,2.1930291652679443,0.7899771928787231,1.2184430360794067,0.9109822511672974,-0.6835513114929199,-1.1919902563095093,0.4284423589706421,2.1407949924468994,-2.0719797611236572,1.5601226091384888,-0.6992871761322021,1.3758342266082764,0.4288170039653778,-2.088954448699951,2.3975954055786133,2.5397043228149414,0.07108628749847412,1.6651536226272583,-0.5653523206710815,-0.5380286574363708,-2.1864163875579834,0.5882141590118408,-0.993956983089447,2.1413443088531494,-0.4607897400856018,1.5374895334243774,-1.0042388439178467,-0.13404686748981476,0.6708767414093018,1.4692484140396118,-0.677064061164856,1.2700375318527222,0.05196802318096161,0.24652576446533203,0.5992351174354553,2.1128411293029785,-0.5289613604545593,-0.36827513575553894,0.5638448596000671,-0.8041600584983826,0.1718638688325882,-0.5184178352355957,-1.3330389261245728,-2.459954023361206,-1.211578130722046,-0.7258745431900024,-0.4479263126850128,0.05245142802596092,-1.3619048595428467,0.38361963629722595,-0.7380495667457581,-0.48590877652168274,2.0843091011047363,-0.48274338245391846,0.0871940329670906,-0.22178086638450623,1.7577664852142334,1.4583145380020142,0.49539715051651,-1.1661312580108643,-0.7060569524765015,-1.9322154521942139,0.6101412177085876,-1.6175779104232788,1.3626856803894043,0.28417736291885376,0.671162486076355,-0.012826778925955296,-1.423764944076538,1.461640477180481,2.162783622741699,1.0798367261886597,0.9509950876235962,0.4916713535785675,-0.6810508966445923,0.4414108097553253,-0.6155862808227539,0.28843656182289124,0.31097009778022766,-0.16499696671962738,1.5509331226348877,-1.6027480363845825,1.5915305614471436,-0.3895508646965027,-0.3663073778152466,2.938391923904419,1.7359826564788818,-0.3390302062034607,1.0388129949569702,0.4911453127861023,-0.5915736556053162,1.5415809154510498,-1.5880422592163086,-0.40849804878234863,-1.03745436668396,1.1077159643173218,-0.8387728333473206,0.8757438659667969,-2.0528252124786377,0.18122583627700806,-0.26921775937080383,-2.116612672805786,-0.5621806383132935,-0.43510302901268005,-0.1316629946231842,-1.4565409421920776,-0.028421899303793907,1.2991743087768555,1.446144700050354,-0.8709599375724792,0.6315692663192749,-0.17875123023986816,0.09319330006837845,-0.39240866899490356,-0.48719632625579834,1.7897742986679077,-0.7678409218788147,0.43456894159317017,-0.6612755656242371,0.10514059662818909,1.3791049718856812,-0.07706606388092041,-0.4682481288909912,1.1337591409683228,-1.2299894094467163,1.1118488311767578,0.6985099911689758,0.9502683281898499,-0.07620292901992798,1.4933714866638184,0.25182852149009705,0.09145619720220566,1.6323018074035645,-0.2767443358898163,-1.714413046836853,-1.534257173538208,-1.3631930351257324,0.1673458367586136,1.3928256034851074,1.2229090929031372,0.20042520761489868,1.427318811416626,-1.6782760620117188,0.5382300019264221,1.2737032175064087,-0.3492293953895569,1.2428683042526245,0.19629620015621185,0.6812801957130432,-0.031004222109913826,0.24775996804237366,0.14802174270153046,-0.11995981633663177
做,1.0599205493927002,-0.8092519640922546,0.3530508577823639,0.3626483082771301,1.7672491073608398,0.5195809602737427,-1.2592494487762451,0.3803883492946625,0.19049568474292755,-1.077028751373291,-0.793321430683136,0.5870164036750793,1.4913532733917236,-0.7975237369537354,-3.1780946254730225,-1.6799259185791016,1.09268319606781,-1.2463346719741821,-0.5562930703163147,-0.41462838649749756,-0.11918698996305466,-1.144453763961792,0.8091340661048889,1.0465476512908936,0.9336994290351868,-2.6941111087799072,0.6975658535957336,-1.4726474285125732,-0.2416411191225052,-0.49147042632102966,-0.04065390303730965,-0.30703091621398926,-1.1114624738693237,-0.3218125104904175,0.8010645508766174,0.6331853866577148,0.6799214482307434,1.2272943258285522,-0.11276917159557343,-1.2118068933486938,-0.6139249205589294,0.46637123823165894,1.3672195672988892,-0.7272109985351562,-3.653409242630005,0.34238579869270325,0.911224365234375,0.6872023940086365,-0.7059264183044434,-2.371849298477173,1.4808127880096436,-2.0929837226867676,-0.17704248428344727,-0.509543240070343,0.07497406005859375,0.9922740459442139,-0.9315931797027588,1.1718498468399048,-0.8716421723365784,-0.11011137813329697,1.9012137651443481,-0.7606533765792847,-1.3952550888061523,-0.12454135715961456,0.6600547432899475,1.572592854499817,1.1139683723449707,1.7428449392318726,-0.30711978673934937,-2.450754404067993,-1.0927996635437012,2.4559292793273926,-2.582352876663208,-0.36855027079582214,-0.8584327101707458,0.013004221953451633,1.0451090335845947,1.5141301155090332,-0.036665719002485275,0.5742378830909729,2.4139211177825928,0.8077459335327148,0.05316177383065224,0.8902679085731506,-0.05697315186262131,0.02412368729710579,0.9848190546035767,0.378207266330719,0.6288321018218994,-0.8311905860900879,0.6109203100204468,-0.445525586605072,-1.0368273258209229,2.09245228767395,-1.144195318222046,-2.4284656047821045,-0.43204012513160706,2.3309221267700195,-0.9890165328979492,-1.6924793720245361,0.0125651303678751,-2.665832042694092,0.9275491237640381,0.47653308510780334,0.17925631999969482,1.3509601354599,-0.7741885781288147,1.804930567741394,1.1544560194015503,0.7470203638076782,2.999094247817993,0.08055122196674347,-1.375879168510437,1.1513200998306274,-0.6998754739761353,0.5764332413673401,0.7666781544685364,-1.2086561918258667,-1.7442854642868042,0.6196584701538086,1.6352981328964233,-2.473548412322998,0.7122244238853455,0.3351791501045227,-2.3638737201690674,-0.5070396661758423,1.3432172536849976,0.7704326510429382,1.7194974422454834,-0.13011455535888672,-0.22128190100193024,-0.5488717555999756,0.05859126150608063,0.4077218472957611,-2.785712718963623,2.0884957313537598,-1.5793302059173584,0.6042797565460205,-1.0258454084396362,-1.3004688024520874,-1.1203445196151733,0.6779338717460632,2.295290231704712,0.4004566967487335,0.1387685090303421,-1.1284608840942383,0.8548180460929871,-1.5978471040725708,0.31540432572364807,-1.8158215284347534,1.0311685800552368,-0.38050490617752075,-1.2312102317810059,0.27647438645362854,1.7535781860351562,-0.604265570640564,-1.5333870649337769,0.12210030108690262,-1.8829058408737183,-1.5040708780288696,0.7899666428565979,-0.09654752910137177,1.3270167112350464,0.6554890871047974,1.9600921869277954,-0.12055909633636475,1.7706103324890137,1.4850178956985474,1.0203341245651245,0.5401784777641296,-1.2486153841018677,-0.9841247200965881,-1.8245397806167603,-1.3354804515838623,0.055233459919691086,-0.5011599659919739,1.012341856956482,-0.20521683990955353,-1.3668928146362305,-1.1837923526763916,-0.07033730298280716,-0.6652659177780151,0.8965848088264465,-0.30377793312072754,-3.050407886505127,0.5417564511299133,-1.3055334091186523,-0.7248853445053101,-1.5152277946472168,0.7401763200759888,-1.6893655061721802,-2.2899491786956787,-2.09694242477417,-1.0002517700195312,0.8579676151275635,-2.607869863510132,-0.9808929562568665,-1.0707679986953735,1.2500495910644531,0.31760546565055847,-0.7955572009086609,-2.22247052192688,-0.25188878178596497,0.6494244933128357,0.25914067029953003,0.21398864686489105,0.30100908875465393,-0.9373378157615662,0.456881046295166,1.7892556190490723,-0.8420349359512329,1.3385556936264038,0.5840643644332886,1.3377676010131836,0.4747287631034851,-2.6489667892456055,-0.09521690011024475,2.917391300201416,2.2687840461730957,2.0318522453308105,-0.37718233466148376,1.2974952459335327,0.9125133156776428,0.21304106712341309,1.3877032995224,-1.8101613521575928,0.011375464498996735,-1.1499031782150269,-0.6642910242080688,1.3218718767166138,0.7813337445259094,0.4534837007522583,0.4079788625240326,-0.628065824508667,-0.019676266238093376,-0.6181160807609558,1.1408956050872803,-0.8593167662620544,0.8263410329818726,0.7103574275970459,-0.9980454444885254,-0.2592943608760834,0.9859565496444702,1.1547526121139526,-1.591578722000122,-0.01996622607111931,0.6460279226303101,1.0481895208358765,0.20192095637321472,0.9119941592216492,-1.3976101875305176,-1.5946431159973145,-0.8602433204650879,0.9930858016014099,-0.7021909952163696,0.5284276008605957,-2.80886173248291,0.2353293001651764,0.9813693165779114,-0.22244232892990112,-0.07002981752157211,-2.566812038421631,-0.7674081325531006,-1.1705976724624634,0.9167030453681946,-0.3948376774787903,-1.716209053993225,-1.1253339052200317,0.16329486668109894,-2.3401694297790527,0.7593511939048767,-2.763807773590088,1.0190194845199585,1.849941372871399,-1.0150452852249146,-1.8038110733032227,1.439388632774353,0.6697728633880615,1.250439167022705,0.7935051918029785,1.2555692195892334,1.5174481868743896,-0.2877610921859741,-2.716799736022949,-1.0024807453155518,0.1689949482679367,2.2028794288635254,-0.04168632999062538,-0.48428648710250854,-2.687704563140869,-1.4116908311843872,0.5422995090484619,-0.9388261437416077,1.7485463619232178,-0.30374351143836975,0.793144166469574,1.2691456079483032,0.23558931052684784,0.29647237062454224,0.15350782871246338
综合,1.1273149251937866,-0.19473488628864288,0.5381243824958801,0.82022625207901,0.5493983030319214,0.30102425813674927,-2.7843475341796875,1.2079360485076904,-0.06826125830411911,1.5250614881515503,-0.9556342363357544,-0.15091069042682648,-0.5455132126808167,-0.40987294912338257,-1.5942535400390625,-1.013582706451416,-0.23130229115486145,-0.08928646892309189,-2.1389126777648926,-3.352243185043335,0.08309156447649002,0.26919203996658325,-1.9275139570236206,-0.6296417713165283,0.05249180272221565,-2.493191957473755,-0.2773509621620178,0.27708899974823,-0.25482505559921265,1.2096359729766846,-0.0905858501791954,3.517963409423828,0.5192586183547974,-0.2884405255317688,-0.12148763984441757,-0.0770227462053299,-1.555153727531433,-1.9964516162872314,0.09854833781719208,-0.9183037281036377,-0.49167901277542114,1.9451640844345093,-1.1122431755065918,-1.0752158164978027,0.6236242651939392,-1.6248137950897217,-0.9539805054664612,-0.2925870716571808,-1.608485221862793,0.8420683741569519,-0.5146780014038086,-0.14299137890338898,-0.06947868317365646,-0.1642250418663025,0.01975850574672222,-0.664526104927063,-1.6480084657669067,0.9378350377082825,-1.5494811534881592,0.3162405788898468,-0.09563852846622467,0.06569508463144302,2.869767427444458,0.2588736414909363,0.0807846337556839,1.7152504920959473,1.1401280164718628,2.566204786300659,-0.977746307849884,0.3450882136821747,0.8491765260696411,-0.27325639128685,1.057173728942871,0.6772354245185852,-0.6520214676856995,-1.33513605594635,0.5575620532035828,0.8499047756195068,0.27004045248031616,-0.7624056339263916,-1.5826479196548462,-1.9536540508270264,1.7112821340560913,-0.060011979192495346,-0.9986127018928528,0.38708680868148804,-0.8505184054374695,-0.5688225030899048,0.7674368619918823,1.1924638748168945,-2.065396785736084,-0.7198673486709595,1.1633855104446411,-0.28892698884010315,0.6908618211746216,-1.1704137325286865,0.6406944394111633,0.9151759743690491,0.0959186851978302,-1.0857352018356323,0.21927990019321442,-0.988858699798584,-0.41033703088760376,-0.12402620166540146,1.2938984632492065,-0.12548071146011353,-0.026413798332214355,-0.309344083070755,0.10265401750802994,0.18564334511756897,-0.05375885218381882,-0.5352782607078552,-0.06786195188760757,0.18117548525333405,-0.03655368089675903,-0.26284870505332947,1.3670005798339844,-0.4276103377342224,0.8107713460922241,-0.4320828914642334,1.5748618841171265,-1.1836910247802734,0.7756693363189697,-0.18200378119945526,0.7495661377906799,-1.335654616355896,-0.07253827899694443,-1.1202137470245361,-0.06857135891914368,-1.7688030004501343,-0.35441839694976807,-0.4983639121055603,2.2821099758148193,1.106109380722046,0.17029310762882233,0.25717905163764954,1.0239529609680176,-0.11297725141048431,0.9225154519081116,-1.9304115772247314,-1.0426139831542969,-0.34827056527137756,-1.0200449228286743,1.1777551174163818,1.914304256439209,0.24342866241931915,-0.9769983887672424,-1.4181787967681885,0.8663259148597717,-1.40640127658844,1.4295910596847534,0.3790322244167328,-0.30834758281707764,0.1261758953332901,1.565535306930542,-0.8916831612586975,1.5457688570022583,-0.17928728461265564,0.1838962286710739,-0.070004902780056,0.1842135637998581,1.3595757484436035,1.6797112226486206,-0.9724850058555603,-0.9444311261177063,0.8307948112487793,1.160150408744812,-2.943939685821533,0.09633579850196838,-0.19180795550346375,-0.096827931702137,0.9925511479377747,1.004764199256897,-0.03310035169124603,1.9096232652664185,-0.2821597158908844,-0.9583837985992432,-0.2370321899652481,-0.46972396969795227,-0.8806042075157166,0.8749906420707703,-1.6020245552062988,-1.6478075981140137,-0.984786868095398,-0.9670929312705994,0.0031097724568098783,-1.8372726440429688,-1.7180694341659546,2.3715693950653076,-1.2637659311294556,-1.089472770690918,0.08794786781072617,-0.5867951512336731,-1.503821611404419,-0.14224933087825775,-0.0757765844464302,-0.6962777376174927,-0.6730262041091919,0.13215719163417816,1.6084115505218506,1.4062634706497192,1.063332438468933,-0.07579008489847183,-0.6563156247138977,0.25348812341690063,-0.989372193813324,0.36587005853652954,-0.5973696112632751,0.4491459131240845,0.7383173108100891,0.1824599653482437,-0.032237473875284195,-1.119231939315796,-1.4528920650482178,-1.1452016830444336,-0.38727867603302,-0.43792247772216797,0.8723482489585876,-0.758253276348114,-0.30505019426345825,1.9231929779052734,-1.0929985046386719,1.3798274993896484,-0.9137367606163025,-0.024213632568717003,-0.49074599146842957,-0.6577516794204712,-1.5066328048706055,-1.4599511623382568,1.0777980089187622,-1.3536710739135742,0.31510019302368164,-0.10623351484537125,2.1916439533233643,-1.8407951593399048,-0.35369133949279785,1.9455207586288452,0.8062294721603394,-0.9329563975334167,-0.804895281791687,1.34154212474823,-1.059727668762207,-0.8259719014167786,1.8936291933059692,-0.3026462197303772,-2.088014602661133,-0.06948292255401611,2.026496648788452,-1.540954828262329,-0.7545045018196106,-1.516526699066162,-1.2173858880996704,0.5597911477088928,0.00203118147328496,1.7591174840927124,1.2933951616287231,-0.5333022475242615,-2.3810951709747314,-0.5648741722106934,-1.4655089378356934,0.2443370670080185,-1.3702985048294067,-0.6437772512435913,0.1692202240228653,-0.3647879958152771,1.505789875984192,-0.19350062310695648,-0.19596780836582184,0.30027297139167786,-1.9155261516571045,-0.312481164932251,0.18956908583641052,1.4573302268981934,-0.8731601238250732,0.7611653804779053,2.5334949493408203,1.4786235094070435,0.5381750464439392,-0.017439087852835655,0.8010822534561157,-0.5028896331787109,1.2228269577026367,-1.5158859491348267,-1.3553861379623413,-0.5675771236419678,-0.36043983697891235,1.0101834535598755,-1.2177025079727173,0.06958887726068497,1.417061686515808,-1.2129007577896118,-1.5241678953170776,0.07245873659849167,-0.1936257779598236,1.6227610111236572,1.0783963203430176,-1.4335561990737915,0.7334480285644531,-0.4869806468486786,-0.30889254808425903
认为,1.19520103931427,0.2898103594779968,1.257928729057312,-1.2567554712295532,-0.9887436628341675,1.474311113357544,-0.022583317011594772,-0.7565453052520752,-0.7850514650344849,-1.0056532621383667,0.7139975428581238,-1.4316128492355347,-0.8998439311981201,0.7584516406059265,-0.9003338813781738,-0.37627509236335754,2.5660347938537598,-0.09018188714981079,-0.753964364528656,-1.4732309579849243,-0.2717737853527069,-0.8050692677497864,-0.8067289590835571,-2.782405376434326,-2.540637731552124,-2.1329727172851562,-0.8428919315338135,-0.5183587670326233,0.21182982623577118,2.243741512298584,0.2887692153453827,-1.3921618461608887,-3.355165719985962,0.09796447306871414,0.6468176245689392,-1.2470192909240723,-0.9911140203475952,-0.8109607100486755,1.3282825946807861,0.205098956823349,1.0389539003372192,-0.7603744268417358,0.6981443166732788,0.04297448694705963,-0.8286740183830261,-0.15353670716285706,1.9317524433135986,-0.23354320228099823,1.0365614891052246,-2.8289661407470703,0.2611645460128784,-0.9132046103477478,-0.3867938220500946,4.040853023529053,1.6698901653289795,1.1014152765274048,-0.6753060817718506,0.2520062327384949,0.09249457716941833,-1.073365330696106,-1.3237249851226807,0.18851414322853088,0.1364346593618393,-0.2595751881599426,-1.4344937801361084,1.1543978452682495,0.6686157584190369,2.8752472400665283,0.1936015784740448,0.9830545783042908,1.426409363746643,-0.2827969789505005,-0.12365257740020752,-2.619256019592285,0.5207723379135132,1.341317057609558,2.715787649154663,0.10193567723035812,1.6349279880523682,-0.9220772981643677,0.623403787612915,-2.0973293781280518,-0.27317357063293457,-0.06103552132844925,2.2279815673828125,0.06869632750749588,1.9379503726959229,2.0021049976348877,0.1350293606519699,-0.8644174337387085,0.3700657784938812,-0.07848983258008957,0.3869418203830719,0.0533379390835762,-1.231266975402832,-0.491159051656723,1.9011154174804688,0.724871814250946,1.144498348236084,0.03890953212976456,-1.6276795864105225,0.4760321378707886,0.35523632168769836,1.9301562309265137,-0.3120824992656708,-1.229374885559082,-0.6378235220909119,-0.8116000294685364,-0.02718859538435936,-1.306755542755127,2.183467149734497,-4.046802043914795,-1.3413034677505493,-0.6672528386116028,1.3958210945129395,-1.761577844619751,0.9948842525482178,-0.4081785976886749,0.47722700238227844,0.8280038237571716,-0.21929684281349182,-1.1621686220169067,0.3171667754650116,2.6744883060455322,-2.2558984756469727,-1.2825342416763306,0.896670401096344,-1.0200055837631226,-0.6846602559089661,2.1458284854888916,-0.5515702962875366,1.0227992534637451,-1.850180983543396,-0.5096794962882996,1.3829240798950195,-0.32191768288612366,0.37355127930641174,0.26229074597358704,0.30488723516464233,-3.6284778118133545,0.9402318596839905,0.9655004739761353,2.53110671043396,-0.6259948015213013,0.24292942881584167,3.6457412242889404,-2.2136142253875732,0.11124362796545029,2.0011115074157715,-3.6935184001922607,1.1800289154052734,-1.85653817653656,-0.8475664258003235,0.939077615737915,0.05340205132961273,-0.6237902045249939,-0.5861106514930725,1.9352757930755615,0.9329547882080078,-1.1796013116836548,-1.0641202926635742,-0.24494673311710358,-0.07824347168207169,-0.46712666749954224,0.6687676310539246,0.631691575050354,0.5931082367897034,-0.06699883192777634,2.208362102508545,-0.34084659814834595,-0.1831493079662323,0.015647446736693382,1.1053404808044434,1.6790645122528076,0.41805702447891235,1.315425157546997,0.5683026313781738,0.9344071745872498,0.5743131637573242,-0.807221531867981,-0.7464521527290344,-2.4643354415893555,1.1814833879470825,-2.0734071731567383,-0.044366877526044846,0.5760993361473083,-1.0736587047576904,2.117541790008545,-0.702126681804657,0.3831936717033386,-2.0728702545166016,-0.5425062775611877,2.673055410385132,0.5003921389579773,2.0061757564544678,0.2019670307636261,0.40161097049713135,1.311589002609253,-0.5526962876319885,0.7648870944976807,0.6179765462875366,-1.6313122510910034,-1.6714105606079102,0.34943315386772156,1.5602985620498657,1.0084812641143799,0.14136967062950134,-2.3011815547943115,-2.0265560150146484,1.97091805934906,-0.29621270298957825,-1.614027738571167,0.15581874549388885,0.31410449743270874,0.7469869256019592,-3.665031671524048,1.1675032377243042,1.1959127187728882,-1.9024194478988647,1.2311491966247559,0.9320077300071716,1.9527908563613892,-1.0182435512542725,0.4353235960006714,-0.870351254940033,0.6989752650260925,-0.4019320607185364,3.0363330841064453,-1.4775817394256592,1.9767004251480103,1.5989351272583008,-0.0182485468685627,0.04074709489941597,-0.7259436249732971,-3.1243577003479004,-2.236532688140869,0.4882345497608185,-0.19749346375465393,-0.20954063534736633,-0.7862194776535034,1.1045458316802979,1.1566009521484375,0.7178378105163574,1.1492369174957275,-2.958040475845337,-0.024278266355395317,0.5314416885375977,0.5026898384094238,-0.04533052444458008,0.5355082154273987,-0.3520885407924652,3.3810973167419434,-0.44336068630218506,0.7589671611785889,-1.7742799520492554,-0.4232753813266754,-3.1612956523895264,-0.3753320872783661,0.22588616609573364,0.22091493010520935,-2.9584429264068604,0.3006454110145569,-2.2897820472717285,0.6548412442207336,-0.44282257556915283,-1.675201177597046,-0.032972730696201324,-2.6282849311828613,-0.7692323923110962,-2.2433295249938965,0.589880108833313,0.7545173764228821,-0.004444954916834831,3.8313987255096436,-1.663149118423462,-2.2732036113739014,-1.2533440589904785,0.6452034115791321,-0.4556114673614502,-1.1659069061279297,3.727773427963257,2.6439080238342285,-1.3055120706558228,2.2772886753082275,1.4448349475860596,0.9187570214271545,-0.5721889138221741,1.6952123641967773,0.2948908507823944,-2.9136738777160645,-0.6278491616249084,0.28081992268562317,0.649846076965332,0.5298106074333191,0.22513814270496368,1.7931034564971924,-1.419006109237671,-0.41456758975982666,-0.35617825388908386,-0.029455814510583878
核心,-0.06219065934419632,1.6165249347686768,0.8443467020988464,-0.7826650738716125,-1.1327582597732544,1.8140299320220947,-0.2655017673969269,0.3405376076698303,-1.0922198295593262,0.9160913825035095,1.227213978767395,1.4384255409240723,-0.6678088307380676,-0.21683599054813385,0.3859972357749939,0.03870872035622597,0.4323946535587311,1.1029736995697021,-2.200741767883301,-3.0202770233154297,-0.3694537580013275,-1.6917614936828613,-0.06553277373313904,-0.38357678055763245,-1.1491457223892212,-1.0682469606399536,-0.27284640073776245,-1.6419986486434937,-1.0456465482711792,2.2070538997650146,-0.1507602035999298,-0.2952035367488861,-0.1823694258928299,0.20561635494232178,-0.3933809697628021,0.723748505115509,-2.7109315395355225,-0.3079840838909149,-1.3828405141830444,-2.317415714263916,-1.168169379234314,-0.623822033405304,-0.19009442627429962,1.5266401767730713,0.7117435336112976,-0.01924804225564003,2.001840114593506,-1.3409123420715332,-0.6403838992118835,0.20029740035533905,-1.7877001762390137,-1.4184973239898682,0.29518184065818787,-1.4956183433532715,0.2911127209663391,-2.2622227668762207,1.6348243951797485,2.0130717754364014,1.0997446775436401,-0.0359574519097805,0.873066246509552,1.1682006120681763,-0.3213177025318146,4.333058834075928,0.30094876885414124,0.44362473487854004,0.6617605686187744,0.8211716413497925,-0.563154935836792,-0.37720799446105957,0.2758002281188965,-0.336104154586792,-0.37678802013397217,-0.9207231402397156,1.4753751754760742,-0.8094873428344727,1.042953372001648,1.0105317831039429,-1.209376335144043,2.0622501373291016,1.3556983470916748,-0.8796809315681458,0.26593679189682007,0.023118721321225166,-0.11811085790395737,0.7912253737449646,1.187566876411438,0.3624875843524933,1.856918215751648,-0.5747485160827637,-0.2179684042930603,1.248561978340149,-0.8656978607177734,1.8087719678878784,-0.4487459659576416,0.20058271288871765,-0.40457403659820557,-0.41259482502937317,-0.5573690533638,-0.8575561046600342,0.1200077012181282,-2.4922068119049072,-0.019375206902623177,-0.355465292930603,-0.07371582835912704,3.4764175415039062,0.5053719878196716,0.5263608694076538,-1.8122951984405518,-0.5549198389053345,1.0300835371017456,-1.269727349281311,-1.1410824060440063,0.6517814993858337,-0.7854732275009155,0.9986976981163025,0.21866361796855927,-1.4653264284133911,-0.1948586404323578,-0.03532717749476433,1.719307541847229,0.15555012226104736,1.1629971265792847,0.10405246168375015,-1.164399266242981,1.4316192865371704,-0.6433822512626648,0.2944680452346802,-0.29173213243484497,-0.1377636045217514,2.1995527744293213,-0.23686519265174866,-0.45295488834381104,1.084528923034668,-1.7475709915161133,-1.1424309015274048,1.4345990419387817,1.9913978576660156,0.4936240613460541,-1.1364402770996094,-0.0276035163551569,1.746926188468933,0.7221062779426575,-1.3514320850372314,1.1160532236099243,1.3034371137619019,-1.1047033071517944,2.0812489986419678,0.45480331778526306,0.3842746317386627,0.27107226848602295,-0.4361446797847748,-0.18883413076400757,0.2607685327529907,-0.6058381199836731,-2.4670732021331787,-0.01685136742889881,0.26960524916648865,2.634575366973877,0.462638258934021,-0.6814570426940918,-0.6762229204177856,1.2014737129211426,-1.5671395063400269,1.2440030574798584,-1.5972408056259155,1.4450138807296753,0.1596660017967224,-1.220066785812378,1.646223783493042,0.14534135162830353,-1.7312233448028564,0.2528187930583954,0.2753013074398041,2.7470762729644775,0.43322914838790894,-1.3427693843841553,0.03805980831384659,-0.4911963641643524,0.17899176478385925,-1.487670660018921,0.5153648853302002,-2.0602729320526123,0.7206303477287292,-0.387864887714386,0.28667253255844116,-1.470039963722229,1.0695743560791016,0.8692232966423035,-1.4153330326080322,-0.11826802045106888,-0.05941706523299217,0.8342536687850952,1.738189935684204,1.1638821363449097,0.3759680688381195,3.221518039703369,0.5111602544784546,-1.5624661445617676,-0.4517880380153656,0.339918851852417,1.0996955633163452,-1.0758554935455322,-0.0701376423239708,0.7493060827255249,-0.6295185089111328,-0.5717719197273254,0.5731452703475952,-0.3901343047618866,0.5126397013664246,-0.25797873735427856,-1.0876413583755493,-1.634547472000122,-2.610508918762207,0.7350413203239441,-1.3643412590026855,0.8883839249610901,-0.07335671037435532,-3.107393980026245,-0.05915658175945282,2.8981921672821045,-0.5679991245269775,-1.4799234867095947,1.678991675376892,-1.1647353172302246,-1.799589991569519,0.171697199344635,-0.6290658712387085,0.31215623021125793,-0.6951456665992737,-0.35543450713157654,-1.0565506219863892,0.76328444480896,1.0066938400268555,-0.5816691517829895,-1.1957011222839355,1.2418549060821533,-0.7466451525688171,-1.2901852130889893,0.34098300337791443,1.4973089694976807,0.039253924041986465,1.1896517276763916,1.0194053649902344,-1.4973411560058594,0.013673950918018818,1.411799669265747,-1.0729750394821167,-1.447420597076416,-0.593278706073761,-0.751312792301178,-0.2367764115333557,0.841008722782135,-1.010442852973938,-0.8135305047035217,-1.0132372379302979,-1.2573907375335693,-2.2080161571502686,0.49489325284957886,-0.5914801359176636,-0.9168494939804077,0.324961394071579,-0.1610599160194397,-0.12181572616100311,1.9400584697723389,1.4955261945724487,0.002229216741397977,-1.5686352252960205,0.03160310536623001,-0.42172670364379883,0.9796343445777893,0.4268466830253601,0.5534477829933167,0.4127963185310364,-0.9206518530845642,1.1820030212402344,-0.9114248752593994,0.6618294715881348,-0.591874361038208,0.6926138401031494,1.2542513608932495,-1.5106408596038818,-2.4454691410064697,-0.626956582069397,-0.9478880167007446,-0.4695226550102234,0.5743257403373718,0.6355602145195007,-0.48925459384918213,-1.1984353065490723,-2.7045907974243164,0.39035242795944214,0.4285784661769867,0.7269946932792664,1.069064974784851,-0.7496230006217957,0.504069983959198,0.01648315228521824,-0.007731910794973373,-0.2308998703956604
班主任,0.7146555781364441,0.6497462391853333,0.5278142094612122,0.9561538100242615,0.647774338722229,-0.20037157833576202,-0.9654121994972229,0.18259206414222717,0.653206467628479,-0.1701745092868805,-2.060943841934204,2.3121585845947266,0.6984389424324036,1.4840162992477417,-0.9249477386474609,0.9416435360908508,0.11809608340263367,-1.0296704769134521,-0.44460898637771606,-0.7101585865020752,0.8067430853843689,0.22879531979560852,1.4215304851531982,-0.16408595442771912,-0.29727405309677124,-0.6231895685195923,1.306235671043396,-0.24037794768810272,0.2810555398464203,-0.5579359531402588,-0.8752260804176331,1.591572642326355,-0.22575800120830536,-1.9328022003173828,-0.4930132329463959,-0.8669512271881104,-0.9733531475067139,-1.154759407043457,0.13313734531402588,-0.366426020860672,1.3491530418395996,-0.43700993061065674,-0.6499146819114685,0.7414236664772034,0.34504738450050354,-1.0590733289718628,-0.04979666322469711,0.49142810702323914,0.10733254253864288,0.515937089920044,-0.37347665429115295,-0.45254814624786377,-0.48336687684059143,1.3382200002670288,2.0368614196777344,-1.5204994678497314,-0.30502915382385254,0.4670870304107666,-0.5884214043617249,0.29871559143066406,-0.3460316061973572,-0.07867266982793808,0.28815799951553345,-0.13370493054389954,-1.4368685483932495,2.429172992706299,-1.1727427244186401,-0.3407358229160309,-0.4750078022480011,-1.258616328239441,0.6294054388999939,1.04058039188385,1.4239401817321777,0.25936219096183777,0.1610136330127716,1.433095097541809,-0.03214108943939209,0.6751858592033386,-0.34966492652893066,-0.5098583102226257,-1.5643600225448608,-1.0372247695922852,-0.5763257145881653,1.0635826587677002,1.1794042587280273,-1.373992919921875,0.7818711400032043,-2.804285764694214,0.5494168400764465,-0.3321395814418793,-1.0913524627685547,-0.1536167412996292,0.3374033570289612,0.537669837474823,-1.6302268505096436,0.234063059091568,0.0006981894257478416,0.43077027797698975,-1.7226078510284424,-0.43734923005104065,0.7985596060752869,1.3559857606887817,0.3367471396923065,-0.3350887894630432,1.0517427921295166,-0.8287673592567444,-1.6671931743621826,0.9546759128570557,1.270698070526123,0.7012611031532288,0.7292020916938782,-0.47863590717315674,1.711948275566101,-1.027523398399353,2.3064563274383545,0.7862761616706848,1.868668794631958,-1.8055100440979004,-0.5332392454147339,-0.10369927436113358,1.803187370300293,1.3124583959579468,-0.2774951457977295,-0.05911518260836601,0.3299145996570587,0.4161919951438904,0.7772701978683472,0.36422184109687805,0.33428990840911865,1.2043991088867188,-0.16802680492401123,0.3951471447944641,1.4216153621673584,-0.4848213493824005,-0.45213770866394043,0.2720385193824768,-1.1982423067092896,0.2821876108646393,-0.22154362499713898,0.20723067224025726,-1.186480164527893,-0.24313953518867493,1.695688247680664,-1.8015893697738647,1.7908399105072021,-0.9965125322341919,-0.15647508203983307,2.1149652004241943,-0.8411504030227661,-0.8406441807746887,0.19643475115299225,-0.757670521736145,1.80489182472229,0.5012535452842712,-0.20138448476791382,-0.590215265750885,0.10523249953985214,1.17068612575531,-0.1861022412776947,-0.12221179902553558,-1.1527019739151,0.13235785067081451,0.5870152115821838,1.5351178646087646,0.20694421231746674,-0.41434186697006226,0.9622098207473755,1.1731266975402832,-0.04790431261062622,-0.9120462536811829,-1.790068507194519,0.9657865762710571,0.40060704946517944,-0.7268712520599365,0.8360128998756409,1.0292601585388184,0.5000467300415039,-2.2185418605804443,0.42645618319511414,-0.5064531564712524,1.6734365224838257,0.06193189695477486,-0.12953592836856842,-0.5308941006660461,-1.1699168682098389,-1.3398280143737793,-1.2815757989883423,0.09153247624635696,-1.424559473991394,0.5884947776794434,-0.508080780506134,0.9841670989990234,1.7677559852600098,-0.41458216309547424,-0.6334664821624756,-0.39356493949890137,0.4863968789577484,-0.9567580223083496,1.784217119216919,0.3568022847175598,0.6171552538871765,0.4445420503616333,0.5766428709030151,-0.6946481466293335,0.9287475943565369,1.0876951217651367,-0.6453618407249451,1.2503002882003784,0.99409019947052,0.5307109355926514,-0.7590683102607727,0.5218713879585266,-0.12071021646261215,0.8964272737503052,0.8406424522399902,0.4942750036716461,0.8286205530166626,0.21884015202522278,0.6759492754936218,-0.2788660526275635,-0.9684479832649231,-0.3586236834526062,0.6340584754943848,-0.8148579001426697,0.9880721569061279,-0.03065807744860649,0.36640873551368713,0.8969094753265381,1.0271600484848022,0.7612267732620239,-0.04182959347963333,-1.024155855178833,0.4501325190067291,-0.732104480266571,0.9948712587356567,-1.0067408084869385,2.1420300006866455,-0.4411826729774475,0.7172972559928894,0.08414856344461441,-1.0177810192108154,-0.3375362753868103,0.9147502779960632,0.4403816759586334,0.548819899559021,-1.919082760810852,0.1388464719057083,0.8044834136962891,-0.45175811648368835,-0.7859619855880737,-0.1639259308576584,1.4507611989974976,1.378075361251831,0.8412455916404724,0.21998068690299988,1.0536704063415527,0.536658525466919,0.17207202315330505,-0.006634150166064501,-0.283399760723114,-0.526913583278656,1.7618173360824585,0.04599501192569733,-1.1414439678192139,-0.4212270975112915,-0.10698748379945755,-0.3596036732196808,0.9581742882728577,-0.13678480684757233,0.09107417613267899,-0.6064439415931702,-0.025444982573390007,1.6402584314346313,-0.1848084032535553,0.5061480402946472,0.8712077140808105,-0.09705951064825058,0.9374685883522034,-1.5888108015060425,0.3423304557800293,1.2849596738815308,0.9817392826080322,1.3932260274887085,0.8680123090744019,-0.4499281048774719,-0.35497617721557617,1.0210901498794556,0.9924633502960205,0.023855585604906082,-0.6164063811302185,0.053794894367456436,-0.02254449389874935,-0.7733810544013977,-1.0373276472091675,1.82398521900177,-1.1555256843566895,0.0373334065079689,1.0094138383865356,1.0774706602096558,0.20105993747711182
密不可分,0.33659249544143677,-0.1082562580704689,0.02517467737197876,-0.2288331836462021,-0.2370491623878479,0.9039945602416992,-0.06509079784154892,-0.4169697165489197,0.13801667094230652,0.321933388710022,0.17479467391967773,-0.6884946227073669,-0.5475422143936157,0.2035672962665558,0.1306934356689453,0.6207095980644226,-0.283577024936676,0.7774224877357483,-0.38376858830451965,0.4803030788898468,0.8318027853965759,0.32182422280311584,-0.12744969129562378,-0.619084894657135,-0.2655223608016968,-0.44211545586586,0.30339837074279785,-0.297146737575531,-0.3842298090457916,0.8912806510925293,0.030055157840251923,0.015297573991119862,-0.05462408438324928,-0.02360530011355877,-0.00021426918101496994,-0.14121028780937195,0.8203700184822083,-0.44086331129074097,-0.3801345229148865,0.2260766625404358,0.6471356749534607,-0.20331981778144836,-0.01491630356758833,0.36766675114631653,-0.028263205662369728,-0.030949346721172333,0.6288096904754639,0.076722152531147,0.31595364212989807,1.136391520500183,-0.004511666484177113,0.7402504086494446,-0.02048271894454956,0.08154675364494324,-0.01462069433182478,0.00187689159065485,-0.5290310978889465,-0.5450447797775269,0.7520541548728943,0.019204534590244293,0.04309464246034622,0.3440469205379486,-0.20052973926067352,-0.26159006357192993,-0.45162615180015564,0.5959429144859314,0.029635531827807426,0.23117776215076447,-0.9996374249458313,-0.22887000441551208,0.20156632363796234,-0.3763056993484497,-0.010098475962877274,0.294060617685318,0.08486206829547882,0.6266591548919678,0.9113190770149231,0.7707810401916504,0.2609935700893402,-0.15101511776447296,0.01606506109237671,-0.1802290827035904,-0.12006478756666183,0.08625566959381104,0.18589580059051514,0.476383775472641,0.6765184998512268,0.7071875333786011,0.20479005575180054,-0.6368306279182434,0.28764209151268005,0.21579399704933167,-0.08787411451339722,0.1364683359861374,0.9046305418014526,0.24493266642093658,0.025007274001836777,-0.12710997462272644,-0.14654667675495148,-0.3072441518306732,0.008182459510862827,0.3934268653392792,-0.33097079396247864,-0.13923954963684082,-0.2913409173488617,-0.09095123410224915,0.40611031651496887,-0.05907466262578964,-0.13628312945365906,0.14646340906620026,-0.3840304911136627,-0.5035690069198608,-0.029026813805103302,0.5883061289787292,-0.1664167046546936,0.5688720345497131,0.025886621326208115,0.15882690250873566,-0.33028700947761536,0.27898699045181274,0.41479313373565674,0.44328776001930237,0.2986212372779846,-0.025004157796502113,-0.06812907010316849,-0.30902305245399475,0.013537214137613773,-0.04574250429868698,0.17266845703125,-0.7138859629631042,0.10315997898578644,0.6740018129348755,-0.1358710676431656,-0.17407266795635223,0.2186969369649887,0.3146722614765167,-0.34258994460105896,0.2195306420326233,-0.33735302090644836,0.010766750201582909,-0.7279613614082336,0.30198436975479126,0.21368762850761414,-0.47945261001586914,-0.3741179406642914,0.2797938585281372,0.20227357745170593,0.0025415283162146807,-0.10571758449077606,-1.263347864151001,0.5537424087524414,-0.15863516926765442,-0.212446391582489,0.31946292519569397,0.4818183183670044,-0.7264134883880615,-0.18565723299980164,0.23101897537708282,0.18665145337581635,-0.34487831592559814,-0.04426710680127144,-0.44073331356048584,-0.564942479133606,-0.2523270547389984,0.073222316801548,0.203053280711174,0.0930565670132637,-0.8159710168838501,0.11636422574520111,-0.5343132019042969,0.10494454950094223,-0.5696513056755066,-0.023223843425512314,0.334627240896225,0.19550545513629913,0.2782095670700073,-0.8748735189437866,-0.1475922018289566,-0.19495505094528198,-0.33477023243904114,-0.27670684456825256,0.048655200749635696,-0.4776597023010254,0.3212205469608307,-0.2844701409339905,0.30696725845336914,-0.21837149560451508,-0.08709199726581573,-0.5538635849952698,-0.22926929593086243,-0.3868158161640167,0.27710339426994324,0.4503430426120758,-0.22468364238739014,0.36786192655563354,0.5421550273895264,0.2620162069797516,0.6693728566169739,0.7258167862892151,-0.4529094994068146,0.09226766228675842,0.02249516174197197,0.45423513650894165,0.2297358512878418,-0.2155618518590927,0.3584895133972168,0.31745412945747375,0.006576676853001118,-0.5540604591369629,-0.11575246602296829,0.05153845250606537,-0.16321276128292084,-0.11600304394960403,-0.6914450526237488,-0.03462721034884453,-0.5931758284568787,-0.20637470483779907,0.21876652538776398,-0.24600850045681,-0.02816971018910408,0.3691789507865906,0.2627027928829193,0.392267644405365,-0.13311611115932465,0.10480252653360367,-0.8097991347312927,-0.10914898663759232,-0.1623850166797638,-0.022490376606583595,0.33574363589286804,-0.023212511092424393,0.07291176170110703,0.2791289687156677,-0.4274314343929291,-0.02346462942659855,-0.10596203058958054,0.6659574508666992,0.1956900656223297,-0.6669842600822449,-0.060273416340351105,0.5277623534202576,0.8153043389320374,0.11186656355857849,0.14411605894565582,-0.48228883743286133,0.21035197377204895,-0.24016045033931732,-0.38671234250068665,0.06938336789608002,0.30267539620399475,0.40908607840538025,0.5499760508537292,0.2862789034843445,-0.3226291239261627,-0.33360016345977783,-0.5526201128959656,-0.23281288146972656,-0.22633525729179382,0.536756694316864,-0.6174805760383606,0.007111066952347755,0.019135070964694023,-0.19879823923110962,0.3275738060474396,0.4820108711719513,-0.20671403408050537,-0.25817441940307617,0.26804977655410767,-0.03397366777062416,-0.024562694132328033,-0.3839362859725952,0.143227219581604,0.15393029153347015,0.5429338812828064,-0.18834327161312103,0.33609411120414734,-0.025529399514198303,0.3511533737182617,-0.3723088502883911,-0.653927206993103,-0.018278028815984726,0.5865750908851624,-0.06797424703836441,0.23777925968170166,0.9515634775161743,0.31934040784835815,0.050802551209926605,0.19264860451221466,-0.09679930657148361,0.03505565971136093,0.38739609718322754,-0.673437774181366,0.3779797852039337,-0.48792874813079834,-0.21089324355125427,-0.28594598174095154,0.2044992446899414,0.2949969172477722,-0.6578502058982849,-0.1339595466852188
